i_epoch,i_batch,loss,time
0,0,111.48318576435122,106.53712630271912
1,0,111.48122269610325,179.30332469940186
2,0,111.48012315883327,240.41954565048218
3,0,111.47907505495463,303.6682469844818
4,0,111.47861826798801,399.956419467926
5,0,111.47841578000714,513.2402987480164
6,0,111.47822235356448,631.0231173038483
7,0,111.47810494166612,751.041895866394
8,0,111.47794414084477,867.8539154529572
9,0,111.47774154551755,981.3960912227631
10,0,111.47754454572635,1095.4127430915833
11,0,111.4773587620733,1204.4008994102478
12,0,111.47720143203064,1312.6479556560516
13,0,111.47709479801043,1419.7996327877045
14,0,111.47703663712782,1530.5025255680084
15,0,111.47700859534578,1639.6849291324615
16,0,111.47698479677962,1748.4523553848267
17,0,111.47694826749054,1853.0326838493347
18,0,111.4769037547909,1962.0382797718048
19,0,111.47685912448138,2070.7509813308716
20,0,111.47681893807663,2184.4325857162476
21,0,111.47678831346684,2296.2496271133423
22,0,111.47676721278204,2406.729223012924
23,0,111.47674940534573,2515.257133245468
24,0,111.47673292785706,2624.6649556159973
25,0,111.47671898159247,2734.898671388626
26,0,111.47670632393641,2843.593250274658
27,0,111.47669375185195,2953.767876148224
28,0,111.47668066718236,3061.764782190323
29,0,111.47666699174356,3171.2652394771576
30,0,111.4766535486545,3285.69508934021
31,0,111.47664036739106,3397.6730391979218
32,0,111.47662819248838,3504.2271575927734
33,0,111.47661839181185,3612.3827373981476
34,0,111.47661037060386,3720.8919944763184
35,0,111.47660371012357,3829.0514192581177
36,0,111.47659783899068,3934.551621198654
37,0,111.47659199971716,4044.099933385849
38,0,111.47658617005222,4150.754215717316
39,0,111.47658104640887,4258.061189889908
40,0,111.47657706707531,4362.248658657074
41,0,111.47657383766627,4470.369498491287
42,0,111.47657071884066,4579.927759885788
43,0,111.47656770074819,4694.240634441376
44,0,111.47656478146055,4800.338383197784
45,0,111.47656194237744,4913.839168310165
46,0,111.47655943191003,5025.108219385147
47,0,111.47655723746996,5135.451993465424
48,0,111.47655545466142,5242.604241609573
49,0,111.47655401008085,5348.36750459671
50,0,111.47655275016768,5452.543407201767
51,0,111.47655154946705,5559.853436946869
52,0,111.47655037699178,5666.641294956207
53,0,111.47654924043368,5775.336262226105
54,0,111.47654814796722,5880.549918651581
55,0,111.4765470674526,5988.295128822327
56,0,111.47654604906155,6098.282182216644
57,0,111.47654517169153,6209.861811161041
58,0,111.47654441767453,6319.540420293808
59,0,111.47654374780676,6427.09508562088
60,0,111.4765431426205,6538.879331111908
61,0,111.47654261246367,6648.507682085037
62,0,111.47654216924042,6759.286050319672
63,0,111.47654177509784,6869.384728908539
64,0,111.47654140532404,6982.735475301743
65,0,111.47654109073481,7089.637045145035
66,0,111.47654083382791,7201.920915842056
67,0,111.47654059782228,7311.63601064682
68,0,111.47654037116261,7421.392541646957
69,0,111.47654016437629,7528.965693473816
70,0,111.47653997988746,7639.1338613033295
71,0,111.4765398201809,7754.396299600601
72,0,111.47653969039247,7864.855792760849
73,0,111.47653958565303,7976.6049284935
74,0,111.47653948837562,8086.02681183815
75,0,111.47653939147214,8194.663300991058
76,0,111.47653929917743,8305.627174139023
77,0,111.47653921307622,8416.959366559982
78,0,111.4765391307076,8531.177035570145
79,0,111.4765390538436,8642.829618930817
80,0,111.47653898869955,8755.881608724594
81,0,111.47653893591892,8868.835975885391
82,0,111.47653888803578,8982.621226072311
83,0,111.47653884590645,9091.951839923859
84,0,111.4765388102471,9196.238097190857
85,0,111.47653877863529,9307.794551849365
86,0,111.47653874893273,9421.627997398376
87,0,111.47653872419473,9541.379668235779
88,0,111.47653870741607,9647.200816869736
89,0,111.47653869392254,9757.33414053917
90,0,111.47653868070418,9866.04739189148
91,0,111.47653866871185,9987.209816217422
92,0,111.47653865611483,10101.46711730957
93,0,111.47653864101484,10216.520597219467
94,0,111.4765386253391,10327.182841062546
95,0,111.47653861151146,10473.051278114319
96,0,111.47653860062954,10573.689567804337
97,0,111.4765385925965,10635.20411992073
98,0,111.47653858633294,10700.037227869034
99,0,111.47653858010186,10766.17285490036
100,0,111.4765385739509,10836.308377981186
101,0,111.47653856820256,10924.73126912117
102,0,111.47653856242543,11002.910271644592
103,0,111.47653855679431,11067.724437236786
104,0,111.47653855192665,11131.149547338486
105,0,111.47653854769888,11188.929949045181
106,0,111.4765385435001,11273.43338561058
107,0,111.47653853905553,11367.837360620499
108,0,111.47653853480314,11430.083074092865
109,0,111.47653853103694,11495.58150601387
110,0,111.47653852790265,11602.505640745163
111,0,111.47653852538758,11714.75098991394
112,0,111.47653852316076,11831.399840831757
113,0,111.47653852108319,11944.7113032341
114,0,111.47653851909315,12066.505145549774
115,0,111.47653851731837,12183.152123451233
116,0,111.47653851586422,12295.747045755386
117,0,111.4765385147192,12408.892651796341
118,0,111.47653851343297,12521.69926571846
119,0,111.47653851218148,12638.28308916092
120,0,111.47653851102149,12755.295808076859
121,0,111.47653850998381,12869.40588593483
122,0,111.47653850928606,12981.794646263123
123,0,111.47653850885666,13096.91110920906
124,0,111.47653850840923,13213.020983934402
125,0,111.47653850807944,13326.508615493774
126,0,111.47653850772683,13443.100500822067
127,0,111.47653850726381,13556.734729766846
128,0,111.47653850668313,13675.479449033737
129,0,111.47653850611293,13790.567875862122
130,0,111.4765385055484,13905.597791433334
131,0,111.47653850519966,14024.947304010391
132,0,111.47653850493128,14139.99908208847
133,0,111.4765385047502,14261.835216999054
134,0,111.47653850463112,14379.732203006744
135,0,111.47653850444384,14498.554533958435
136,0,111.47653850425738,14616.869869709015
137,0,111.47653850413528,14729.028225421906
138,0,111.47653850397992,14850.901822328568
139,0,111.47653850387778,14972.692128181458
140,0,111.47653850379633,15086.865348100662
141,0,111.47653850372485,15208.471623420715
142,0,111.47653850362717,15337.715242624283
143,0,111.4765385035715,15452.470638275146
144,0,111.47653850349684,15570.428080320358
145,0,111.47653850345176,15688.876530885696
146,0,111.47653850337764,15815.855505943298
147,0,111.4765385033546,15933.606298446655
148,0,111.47653850332343,16048.676446199417
149,0,111.47653850329478,16161.431180000305
150,0,111.47653850323873,16275.42547750473
151,0,111.47653850323115,16391.952844381332
152,0,111.47653850318534,16506.187947034836
153,0,111.47653850319246,16624.3497774601
154,0,111.47653850321032,16740.64393877983
155,0,111.47653850305898,16852.127435922623
156,0,111.47653850300063,16972.61881351471
157,0,111.47653850296687,17086.800773620605
158,0,111.47653850291131,17200.250478744507
159,0,111.47653850293683,17317.9503967762
160,0,111.47653850289967,17428.086948871613
161,0,111.47653850292735,17550.885285377502
162,0,111.47653850286622,17663.34837126732
163,0,111.4765385028754,17788.211765050888
164,0,111.47653850283052,17902.52358865738
165,0,111.47653850281051,18025.41523694992
166,0,111.47653850281066,18140.90051674843
167,0,111.47653850277408,18268.45248246193
168,0,111.47653850274511,18390.86867070198
169,0,111.47653850274705,18508.365202188492
170,0,111.47653850269482,18624.599314928055
171,0,111.47653850267382,18740.5865585804
172,0,111.47653850267494,18859.680832624435
173,0,111.47653850266089,18983.124499320984
174,0,111.47653850268307,19105.988223791122
175,0,111.47653850275653,19234.956313848495
176,0,111.47653850271989,19367.835472106934
177,0,111.4765385027275,19487.946387529373
178,0,111.47653850270017,19608.04692530632
179,0,111.47653850268324,19727.98774576187
180,0,111.47653850267189,19856.2523188591
181,0,111.47653850263862,19978.66940331459
182,0,111.47653850261285,20099.79622912407
183,0,111.47653850260713,20222.95476937294
184,0,111.47653850261167,20341.69245004654
185,0,111.47653850266776,20469.51040315628
186,0,111.4765385026354,20591.29936146736
187,0,111.47653850264012,20712.337801218033
188,0,111.47653850261902,20838.23229074478
189,0,111.47653850261484,20955.748743772507
190,0,111.47653850261187,21084.672454357147
191,0,111.4765385026951,21205.436611890793
192,0,111.47653850265218,21329.304963588715
193,0,111.47653850265459,21446.589465856552
194,0,111.47653850267467,21568.343166828156
195,0,111.47653850266029,21693.039569616318
196,0,111.47653850266504,21810.750932455063
197,0,111.4765385027984,21937.422674417496
198,0,111.47653850281033,22083.5928606987
199,0,111.47653850283896,22222.153022527695
