i_epoch,i_batch,loss,time
0,0,88.31060140205733,59.129233598709106
1,0,88.28169737543324,119.39768815040588
2,0,88.25311122599481,180.20526123046875
3,0,88.23032668967815,236.81133699417114
4,0,88.2205321770337,297.711549282074
5,0,88.22109032116924,359.33922386169434
6,0,88.2192858639459,419.41418862342834
7,0,88.21706175766526,481.2887840270996
8,0,88.21389083211182,542.9119822978973
9,0,88.21019616117482,600.5638244152069
10,0,88.20689818333871,661.8644812107086
11,0,88.20379903026695,725.9670920372009
12,0,88.20104041178124,783.2000472545624
13,0,88.19903262717234,845.9226181507111
14,0,88.19789996630631,904.6516106128693
15,0,88.19730114086921,963.1899719238281
16,0,88.19683116192199,1023.9060046672821
17,0,88.19634389023548,1086.7615156173706
18,0,88.19584733592902,1143.170742034912
19,0,88.19535307897502,1206.0680782794952
20,0,88.19488106257529,1267.8736734390259
21,0,88.19442865987493,1323.3210279941559
22,0,88.19396872803631,1384.1520612239838
23,0,88.19352954589777,1443.985779762268
24,0,88.19314571132435,1498.2403271198273
25,0,88.19282195160281,1559.6167986392975
26,0,88.19256304594347,1629.7907800674438
27,0,88.19234936120088,1695.8592019081116
28,0,88.192157161183,1760.5530803203583
29,0,88.19193947526024,1835.6319527626038
30,0,88.1916802066068,1896.4144296646118
31,0,88.19141940109289,1957.344199180603
32,0,88.19119510566627,2018.4873208999634
33,0,88.19100392573154,2078.889127969742
34,0,88.19085136310349,2139.945044517517
35,0,88.19075018656893,2200.4628715515137
36,0,88.1906832450809,2261.0317664146423
37,0,88.19063021634963,2321.572395324707
38,0,88.19057575412062,2382.056142091751
39,0,88.19050361832754,2442.438306570053
40,0,88.19041638942691,2502.677245616913
41,0,88.1903289557873,2563.506880760193
42,0,88.19025442460119,2624.49884057045
43,0,88.19019295322691,2685.487631559372
44,0,88.19014267129457,2745.519858121872
45,0,88.19010189992491,2805.384332895279
46,0,88.19006516458573,2866.131181716919
47,0,88.19003069273253,2926.9360530376434
48,0,88.18999558439768,2987.542133808136
49,0,88.18995851239923,3048.707557439804
50,0,88.1899239151449,3109.6905331611633
51,0,88.18989619258278,3171.1688425540924
52,0,88.1898776657382,3232.652724504471
53,0,88.18986562494943,3293.3098928928375
54,0,88.18985655881794,3353.681676864624
55,0,88.18984775624584,3413.8393297195435
56,0,88.18983678992586,3473.6676108837128
57,0,88.18982319344103,3533.6818087100983
58,0,88.18980779312272,3595.2261021137238
59,0,88.18979320589618,3655.9180467128754
60,0,88.18978104273093,3716.90625333786
61,0,88.18977177149493,3777.5717101097107
62,0,88.18976453282266,3838.694541454315
63,0,88.18975772864566,3898.784410715103
64,0,88.1897509871825,3959.013973712921
65,0,88.18974426267403,4019.1639306545258
66,0,88.18973773302713,4079.3116116523743
67,0,88.18973200304296,4139.002290964127
68,0,88.18972718839248,4199.020880460739
69,0,88.18972328327952,4259.332933425903
70,0,88.18972007194918,4319.255012512207
71,0,88.18971727230186,4379.921277284622
72,0,88.1897148612121,4440.770623683929
73,0,88.18971253373492,4501.8480541706085
74,0,88.18971020434454,4562.094825744629
75,0,88.18970792994074,4623.308196783066
76,0,88.18970553520646,4683.815706729889
77,0,88.18970322647134,4744.622106313705
78,0,88.18970110028947,4805.2330713272095
79,0,88.18969922018292,4865.7616314888
80,0,88.18969762154225,4928.819123268127
81,0,88.18969636152512,4988.968312263489
82,0,88.18969522431698,5049.54093670845
83,0,88.18969413670631,5109.940801143646
84,0,88.18969312857294,5170.165745973587
85,0,88.18969222418949,5229.936721801758
86,0,88.18969149148836,5289.693009376526
87,0,88.1896908274655,5350.07968211174
88,0,88.18969023317126,5411.049063682556
89,0,88.18968974032906,5472.116005897522
90,0,88.18968930185014,5532.899086713791
91,0,88.18968888529832,5594.015109062195
92,0,88.18968847299118,5655.448018550873
93,0,88.18968806379254,5715.595509529114
94,0,88.18968766863459,5776.388283252716
95,0,88.1896873225038,5836.478001832962
96,0,88.18968703340563,5897.14296412468
97,0,88.18968680328126,5958.5475335121155
98,0,88.18968662371284,6018.498661279678
99,0,88.1896864793849,6078.611318349838
100,0,88.18968635861006,6140.195312976837
101,0,88.18968624879793,6201.168175935745
102,0,88.18968614425519,6261.057959794998
103,0,88.18968603714838,6321.551409244537
104,0,88.18968593663512,6380.6563465595245
105,0,88.1896858509853,6441.609475135803
106,0,88.18968578479411,6502.436878681183
107,0,88.18968573789378,6562.3617696762085
108,0,88.18968570339626,6623.157337427139
109,0,88.18968567398099,6683.746606349945
110,0,88.189685651829,6743.495640516281
111,0,88.1896856288326,6804.685824632645
112,0,88.18968560292106,6866.544654369354
113,0,88.18968557692793,6926.710270643234
114,0,88.18968555272367,6987.685128927231
115,0,88.18968553149392,7049.411486625671
116,0,88.18968551265688,7108.5987141132355
117,0,88.18968549591837,7168.439534664154
118,0,88.18968547992766,7228.455328702927
119,0,88.18968546557134,7288.558059453964
120,0,88.189685451127,7349.190695762634
121,0,88.18968543662112,7409.43957734108
122,0,88.18968542290392,7468.844366073608
123,0,88.18968541050012,7527.440640211105
124,0,88.18968539931097,7588.001796245575
125,0,88.18968538927686,7648.549674749374
126,0,88.18968538010681,7709.870040178299
127,0,88.18968537160792,7770.634999990463
128,0,88.18968536305712,7831.424574375153
129,0,88.18968535463408,7891.002459526062
130,0,88.18968534672949,7950.658942222595
131,0,88.18968533957413,8010.780384778976
132,0,88.18968533294216,8070.8808126449585
133,0,88.18968532694068,8131.879864692688
134,0,88.18968532163629,8192.926820993423
135,0,88.18968531723549,8253.006191968918
136,0,88.18968531356136,8312.847696065903
137,0,88.18968531015068,8374.228316307068
138,0,88.18968530718715,8434.799011707306
139,0,88.18968530453104,8495.23940706253
140,0,88.189685301926,8556.935650348663
141,0,88.18968529927044,8615.330568313599
142,0,88.18968529687464,8674.71396112442
143,0,88.18968529490522,8736.5519759655
144,0,88.18968529336077,8797.082940340042
145,0,88.18968529216872,8858.211897850037
146,0,88.18968529123711,8919.126142263412
147,0,88.18968529044692,8980.026723623276
148,0,88.18968528974337,9040.728171825409
149,0,88.18968528910933,9102.086937189102
150,0,88.18968528852501,9162.618199110031
151,0,88.18968528798636,9222.969608068466
152,0,88.18968528738273,9282.493007421494
153,0,88.18968528675678,9341.853512763977
154,0,88.18968528613411,9401.416374206543
155,0,88.18968528555868,9460.703229665756
156,0,88.18968528504439,9520.406525850296
157,0,88.18968528461785,9580.029273748398
158,0,88.18968528422066,9639.487490415573
159,0,88.18968528384418,9699.37458729744
160,0,88.18968528351655,9758.23477435112
161,0,88.18968528323484,9817.84221625328
162,0,88.18968528301991,9877.747770786285
163,0,88.18968528288615,9938.165816783905
164,0,88.1896852828322,9998.131884813309
165,0,88.18968528278799,10057.134705781937
166,0,88.18968528270125,10117.652321100235
167,0,88.18968528254948,10177.595515966415
168,0,88.18968528234264,10237.476416826248
169,0,88.18968528213159,10296.219229221344
170,0,88.18968528198813,10356.728883504868
171,0,88.18968528195981,10416.166064739227
172,0,88.18968528207019,10477.15483880043
173,0,88.18968528231444,10537.449247121811
174,0,88.18968528267077,10596.658088445663
175,0,88.18968528310458,10656.279566287994
176,0,88.1896852835695,10716.646205663681
177,0,88.18968528397613,10775.239351034164
178,0,88.18968528419721,10834.661035776138
179,0,88.1896852841363,10894.44816493988
180,0,88.18968528380503,10953.569324731827
181,0,88.18968528330893,11012.284994125366
182,0,88.18968528277628,11073.789403915405
183,0,88.18968528231939,11132.745777606964
184,0,88.18968528202964,11192.543589115143
185,0,88.18968528191961,11250.305174827576
186,0,88.18968528190248,11308.066232204437
187,0,88.18968528187376,11368.000537157059
188,0,88.18968528181951,11430.137456655502
189,0,88.1896852818088,11491.281553506851
190,0,88.1896852819198,11552.109275817871
191,0,88.1896852821902,11613.935291051865
192,0,88.18968528261081,11678.92226433754
193,0,88.18968528312341,11739.805864572525
194,0,88.18968528362866,11800.709580898285
195,0,88.1896852840023,11864.053268909454
196,0,88.18968528415945,11925.232896089554
197,0,88.1896852841343,11986.790567874908
198,0,88.18968528405634,12044.202658891678
199,0,88.18968528401777,12106.54894900322
