i_epoch,i_batch,loss,time
0,0,44.65878763056704,59.7492196559906
1,0,44.56264211786944,119.5021243095398
2,0,44.46345413277931,179.07352685928345
3,0,44.37995208445019,239.35569977760315
4,0,44.34084311116249,299.23420119285583
5,0,44.343902543749856,358.4369697570801
6,0,44.341524557550066,419.2267951965332
7,0,44.33543617476435,478.8646104335785
8,0,44.32399717704953,539.567919254303
9,0,44.309229712327344,600.3672895431519
10,0,44.296467633489826,660.953729391098
11,0,44.28605571027495,721.1594617366791
12,0,44.27742833409168,780.9586570262909
13,0,44.27096310052034,841.4973018169403
14,0,44.26663500303372,902.2019853591919
15,0,44.26364709108411,963.5614323616028
16,0,44.26133114352707,1024.933937549591
17,0,44.25935611859914,1086.3842504024506
18,0,44.25761136311403,1148.1308479309082
19,0,44.25622040912933,1209.4894959926605
20,0,44.255154653375584,1271.4547009468079
21,0,44.2540424166067,1332.6623554229736
22,0,44.252524429172006,1393.8153257369995
23,0,44.25075135238841,1453.9294152259827
24,0,44.24905313881924,1514.6197838783264
25,0,44.24763581176171,1575.455105304718
26,0,44.24655503813781,1636.6866624355316
27,0,44.245797024809306,1696.9402437210083
28,0,44.2452163564305,1757.5020022392273
29,0,44.24459847712882,1817.8856935501099
30,0,44.243854708967,1878.9130754470825
31,0,44.243050413525566,1939.7991552352905
32,0,44.24229510976702,1999.796953678131
33,0,44.241636535303314,2059.867048025131
34,0,44.24104902027109,2120.624656200409
35,0,44.240532136765914,2181.8001861572266
36,0,44.240135769176966,2242.9321122169495
37,0,44.23987399507128,2303.6869883537292
38,0,44.23971771953461,2363.5526683330536
39,0,44.23959975865797,2424.222785949707
40,0,44.23946033485838,2485.18999171257
41,0,44.23925789718886,2545.3645401000977
42,0,44.23900532952766,2605.960807323456
43,0,44.23873788108698,2666.1955864429474
44,0,44.23850814403363,2726.462182998657
45,0,44.23833745860028,2787.250787973404
46,0,44.238219970480486,2847.2478380203247
47,0,44.23812860867145,2907.3699400424957
48,0,44.23803309705738,2968.087402820587
49,0,44.23791789812809,3028.596778154373
50,0,44.23779325024755,3089.231964826584
51,0,44.23767952450082,3149.81268286705
52,0,44.23758925573413,3210.9056079387665
53,0,44.23752110989161,3271.817672729492
54,0,44.23747199210443,3333.1210618019104
55,0,44.23744099485537,3393.884829759598
56,0,44.237417490476666,3454.7670555114746
57,0,44.2373915796382,3515.906786441803
58,0,44.23736138441388,3576.717027902603
59,0,44.23732556761638,3637.3383231163025
60,0,44.237284732418445,3696.9999475479126
61,0,44.23724179506323,3757.810134410858
62,0,44.237202707409864,3818.6999592781067
63,0,44.23717138797635,3879.784698486328
64,0,44.23714802813947,3940.5203804969788
65,0,44.23713007249527,4001.0413811206818
66,0,44.237113630579756,4059.9699664115906
67,0,44.23709740886732,4120.967453479767
68,0,44.2370812383921,4181.847097396851
69,0,44.23706512590324,4242.6250920295715
70,0,44.237050066567626,4302.603274345398
71,0,44.237037585113065,4364.1521899700165
72,0,44.2370275326792,4424.8404722213745
73,0,44.23701911105407,4485.577592372894
74,0,44.23701151158374,4546.372979879379
75,0,44.237004704091355,4607.085329294205
76,0,44.23699838156055,4666.689000844955
77,0,44.23699242586773,4728.040202379227
78,0,44.2369864621549,4789.117065191269
79,0,44.23697994650014,4849.353487730026
80,0,44.23697308198898,4908.7720539569855
81,0,44.23696677722172,4969.45382976532
82,0,44.23696178836201,5031.06671667099
83,0,44.236957904438505,5091.858661413193
84,0,44.236954674661995,5153.173375844955
85,0,44.236951844018094,5214.399220466614
86,0,44.23694910174304,5274.923345088959
87,0,44.23694635870463,5335.327630996704
88,0,44.23694370735186,5396.318051099777
89,0,44.23694140951277,5456.809631109238
90,0,44.23693946538655,5517.315243721008
91,0,44.23693796247242,5578.103703737259
92,0,44.23693677660741,5638.271856784821
93,0,44.236935680253744,5698.378845691681
94,0,44.2369346143651,5758.450425624847
95,0,44.23693355575649,5819.460006713867
96,0,44.23693249377785,5880.891133308411
97,0,44.23693146387081,5941.777425527573
98,0,44.2369305587109,6002.243129730225
99,0,44.236929837603206,6062.0735828876495
100,0,44.23692924341271,6122.251908540726
101,0,44.23692870870161,6182.922080516815
102,0,44.23692823324852,6242.131480932236
103,0,44.23692785320215,6302.368408679962
104,0,44.23692755108169,6363.098212480545
105,0,44.23692733206274,6423.752895116806
106,0,44.236927142462555,6484.068221092224
107,0,44.23692696105602,6544.48691534996
108,0,44.236926788115326,6605.373330116272
109,0,44.23692663497781,6665.404871940613
110,0,44.23692649029826,6726.405685663223
111,0,44.236926353592146,6786.900653839111
112,0,44.23692623826577,6847.222509145737
113,0,44.23692614376483,6907.85658788681
114,0,44.23692608315757,6968.634321928024
115,0,44.23692604608329,7028.159907341003
116,0,44.23692601855057,7088.382117509842
117,0,44.23692598430252,7148.678545475006
118,0,44.23692594251987,7208.4419298172
119,0,44.23692589740489,7268.620961666107
120,0,44.23692585039519,7329.512413263321
121,0,44.23692580541926,7390.433552980423
122,0,44.23692576799057,7450.963958263397
123,0,44.236925738473495,7511.121334314346
124,0,44.236925712714815,7571.88098192215
125,0,44.2369256873849,7634.1067070961
126,0,44.23692566072299,7694.347049951553
127,0,44.23692563213056,7755.527313232422
128,0,44.23692560389458,7816.542094707489
129,0,44.23692557828119,7876.77902007103
130,0,44.2369255554885,7937.066997289658
131,0,44.23692553478639,7996.836447715759
132,0,44.23692551410647,8057.67191362381
133,0,44.23692549251032,8118.069916963577
134,0,44.236925472839374,8178.760360479355
135,0,44.23692545767101,8239.092812776566
136,0,44.23692544631889,8298.957325458527
137,0,44.236925437490974,8359.692736148834
138,0,44.23692542984808,8421.252826690674
139,0,44.23692542255407,8482.174478530884
140,0,44.23692541449065,8543.272526741028
141,0,44.23692540589853,8603.60272860527
142,0,44.23692539699474,8664.4996073246
143,0,44.2369253889325,8724.810058355331
144,0,44.23692538253643,8785.927335262299
145,0,44.23692537725709,8846.56667637825
146,0,44.236925372917966,8907.102957248688
147,0,44.23692536925769,8967.738133192062
148,0,44.23692536585192,9028.52624464035
149,0,44.23692536224376,9088.910204648972
150,0,44.236925358214705,9149.487896442413
151,0,44.23692535449418,9209.609446287155
152,0,44.23692535190693,9269.695092201233
153,0,44.2369253507662,9330.315248012543
154,0,44.23692535076466,9391.344503879547
155,0,44.23692535107107,9452.575401544571
156,0,44.2369253507319,9512.45112490654
157,0,44.23692534910229,9572.82589673996
158,0,44.2369253460249,9633.8558075428
159,0,44.23692534194504,9694.60663819313
160,0,44.236925337775126,9753.435981750488
161,0,44.23692533457131,9814.491427183151
162,0,44.2369253330589,9875.279850006104
163,0,44.236925333336714,9936.089763641357
164,0,44.23692533487464,9996.405631780624
165,0,44.236925337010014,10056.586565732956
166,0,44.2369253392158,10117.802569389343
167,0,44.236925341351345,10179.049078941345
168,0,44.23692534356913,10240.50265455246
169,0,44.23692534617799,10302.080909729004
170,0,44.23692534932019,10364.107733726501
171,0,44.23692535269038,10425.20834326744
172,0,44.23692535489169,10486.518305540085
173,0,44.236925356500805,10548.223362445831
174,0,44.23692535797292,10609.731308937073
175,0,44.236925359379285,10670.379872560501
176,0,44.23692536137271,10730.670912027359
177,0,44.236925363671574,10791.528255939484
178,0,44.23692536615413,10852.533440828323
179,0,44.23692536853604,10913.453602075577
180,0,44.23692537003885,10974.94258570671
181,0,44.236925369663254,11036.145673274994
182,0,44.2369253667322,11097.078967094421
183,0,44.23692536216124,11157.89455318451
184,0,44.23692535773108,11219.096091270447
185,0,44.23692535409168,11279.541256189346
186,0,44.236925351229644,11339.17700099945
187,0,44.23692534906643,11399.13123178482
188,0,44.23692534740125,11459.466854333878
189,0,44.23692534630973,11519.804258584976
190,0,44.236925346137674,11580.874378681183
191,0,44.236925347195765,11641.727197170258
192,0,44.23692534946707,11702.711261034012
193,0,44.23692535023244,11764.226862668991
194,0,44.23692534922469,11823.95079779625
195,0,44.23692534763039,11882.215053319931
196,0,44.23692534592291,11942.569015741348
197,0,44.23692534541682,12003.283677816391
198,0,44.236925345088395,12063.953845500946
199,0,44.23692534655492,12125.105951309204
