i_epoch,i_batch,loss,time
0,0,105.05446302410824,111.04011821746826
1,0,105.04636594358699,221.01482105255127
2,0,105.03922902687236,339.6654815673828
3,0,105.03356178111936,458.8745868206024
4,0,105.03108840987885,597.6223251819611
5,0,105.0305564034458,711.4632821083069
6,0,105.02967721185972,824.0270702838898
7,0,105.02916373233056,946.2143876552582
8,0,105.02852651023152,1053.9165320396423
9,0,105.02758842749722,1166.3992176055908
10,0,105.02660404738283,1273.6937291622162
11,0,105.02564137523244,1387.3310968875885
12,0,105.02478301829697,1494.4406785964966
13,0,105.0241737965891,1609.6495003700256
14,0,105.02387518345208,1730.373368024826
15,0,105.02376579155302,1843.721410036087
16,0,105.02370723821218,1965.0950961112976
17,0,105.02360582819465,2078.788564682007
18,0,105.02345026238156,2290.8247492313385
19,0,105.02327994661582,2506.026294708252
20,0,105.02311943623215,2707.871469974518
21,0,105.02298597312988,2898.3779575824738
22,0,105.02287631569082,3064.444436073303
23,0,105.02276722175267,3172.306000471115
24,0,105.02266174585134,3282.7010641098022
25,0,105.02256762081487,3394.318168401718
26,0,105.02249455381585,3509.075757741928
27,0,105.02243794231002,3622.6278533935547
28,0,105.02238713066556,3730.399876832962
29,0,105.02233723540783,3838.2838304042816
30,0,105.02228353470576,3950.199022769928
31,0,105.02222588577663,4064.4193074703217
32,0,105.02216930619373,4176.82697725296
33,0,105.02211603979111,4283.887105703354
34,0,105.0220678102772,4391.009710550308
35,0,105.02203216458952,4493.67080950737
36,0,105.02201007661068,4604.603814601898
37,0,105.02199321739444,4714.876914024353
38,0,105.02197395334557,4825.727410316467
39,0,105.02195118546312,4937.32203245163
40,0,105.02192649146693,5041.996848583221
41,0,105.02190054318534,5152.594277858734
42,0,105.0218777370366,5261.90105676651
43,0,105.0218616971457,5371.515143632889
44,0,105.02185104066656,5480.1818861961365
45,0,105.02184230091264,5597.036590576172
46,0,105.02183345492041,5709.481506109238
47,0,105.0218238806828,5822.634665727615
48,0,105.0218132929402,5934.770714998245
49,0,105.02180328016273,6046.203520059586
50,0,105.02179543894835,6154.6575355529785
51,0,105.02179008403462,6267.239527225494
52,0,105.02178609162897,6379.795205354691
53,0,105.02178289480548,6488.545559167862
54,0,105.02178005288067,6600.276163339615
55,0,105.02177652967258,6712.20508980751
56,0,105.02177185193803,6823.5763647556305
57,0,105.02176669591017,6936.070440292358
58,0,105.02176195095925,7048.165433168411
59,0,105.02175783948391,7157.600071668625
60,0,105.02175477932732,7269.480595111847
61,0,105.02175245336143,7379.177289962769
62,0,105.0217505187777,7493.091299057007
63,0,105.0217486745215,7606.303818702698
64,0,105.02174685445121,7715.923606395721
65,0,105.02174505425238,7824.041870832443
66,0,105.02174344105377,7936.1879415512085
67,0,105.02174207223219,7998.037616252899
68,0,105.02174103982962,8064.959949493408
69,0,105.02174021704978,8138.757469177246
70,0,105.02173944331884,8200.1301882267
71,0,105.0217386222334,8262.007554292679
72,0,105.02173777319055,8323.42859864235
73,0,105.02173687123437,8384.451019763947
74,0,105.02173602755826,8477.056676626205
75,0,105.02173533474397,8554.021545410156
76,0,105.02173476809101,8617.241047859192
77,0,105.02173428220657,8679.658451080322
78,0,105.02173385951805,8779.163125276566
79,0,105.0217334987275,8891.373833417892
80,0,105.02173317340687,9006.774709701538
81,0,105.0217328557607,9116.078127861023
82,0,105.02173254043996,9229.80503320694
83,0,105.02173223962289,9339.652734279633
84,0,105.02173197747224,9453.060190200806
85,0,105.02173176441977,9561.456148862839
86,0,105.02173158846323,9685.551832675934
87,0,105.021731429957,9797.553256034851
88,0,105.02173128192061,9901.031449079514
89,0,105.0217311339006,10012.360834121704
90,0,105.021730986637,10120.627360582352
91,0,105.02173084357518,10232.611684560776
92,0,105.0217307228305,10342.605372428894
93,0,105.02173063290084,10452.60114479065
94,0,105.02173057344807,10562.275610685349
95,0,105.02173053288018,10674.607719898224
96,0,105.02173049541399,10788.472485780716
97,0,105.02173044555683,10901.602113246918
98,0,105.0217303858905,11010.538578510284
99,0,105.02173032890504,11126.11923289299
100,0,105.02173028342246,11247.313775539398
101,0,105.02173024885523,11363.13295173645
102,0,105.02173022255047,11479.064857721329
103,0,105.02173020154564,11592.451399087906
104,0,105.02173018347455,11701.090232133865
105,0,105.02173016371235,11814.930801868439
106,0,105.02173014233182,11931.033776760101
107,0,105.02173012218861,12051.06812620163
108,0,105.0217301065321,12167.78196978569
109,0,105.02173009509123,12281.640857219696
110,0,105.02173008503856,12392.933210134506
111,0,105.02173007631595,12505.103753089905
112,0,105.02173006777439,12613.383370161057
113,0,105.02173005905384,12722.437556028366
114,0,105.02173004979814,12834.752977132797
115,0,105.02173004091269,12940.64962053299
116,0,105.02173003345695,13051.562071800232
117,0,105.02173002801379,13162.69581770897
118,0,105.02173002321258,13275.051675796509
119,0,105.02173001886659,13382.126779556274
120,0,105.0217300148842,13491.537526369095
121,0,105.02173001108336,13600.09896326065
122,0,105.0217300075055,13709.80894947052
123,0,105.02173000445678,13822.099555015564
124,0,105.02173000201847,13937.732503652573
125,0,105.02173000026056,14047.836015701294
126,0,105.0217299986013,14159.898803949356
127,0,105.02172999684625,14273.994363546371
128,0,105.02172999505503,14385.079799175262
129,0,105.02172999336318,14498.00565648079
130,0,105.02172999172642,14608.47842001915
131,0,105.0217299903156,14720.15600514412
132,0,105.02172998912424,14826.265041828156
133,0,105.02172998794848,14936.26799941063
134,0,105.02172998685602,15049.25650548935
135,0,105.02172998570612,15161.600620746613
136,0,105.02172998466138,15274.860372543335
137,0,105.02172998377507,15382.524391412735
138,0,105.02172998307168,15495.30527639389
139,0,105.0217299824532,15617.42109131813
140,0,105.02172998187409,15726.289895296097
141,0,105.02172998130044,15838.334342718124
142,0,105.02172998074236,15947.375060796738
143,0,105.02172998025269,16061.073648691177
144,0,105.02172997984113,16175.19651055336
145,0,105.02172997948752,16289.101591348648
146,0,105.02172997912749,16404.447291374207
147,0,105.02172997873737,16513.959060430527
148,0,105.0217299782464,16626.505233049393
149,0,105.02172997775565,16741.63738512993
150,0,105.0217299774151,16853.268927574158
151,0,105.02172997708766,16964.35044169426
152,0,105.02172997693268,17077.05822658539
153,0,105.02172997683206,17188.555178403854
154,0,105.02172997683365,17302.743209838867
155,0,105.02172997673128,17416.155927181244
156,0,105.02172997662151,17524.542231321335
157,0,105.02172997645647,17637.936672210693
158,0,105.02172997627271,17750.097714662552
159,0,105.02172997606765,17867.797832012177
160,0,105.02172997580035,17973.54182243347
161,0,105.02172997561044,18083.329631328583
162,0,105.02172997555245,18221.691972255707
163,0,105.02172997537802,18539.19193458557
164,0,105.0217299753285,18659.590282678604
165,0,105.02172997527387,18773.190060853958
166,0,105.02172997523341,18886.234483003616
167,0,105.02172997508075,18998.28333210945
168,0,105.02172997494304,19110.549342632294
169,0,105.02172997485884,19220.05868768692
170,0,105.02172997474767,19334.63525056839
171,0,105.0217299746741,19447.551565647125
172,0,105.0217299746544,19562.67807841301
173,0,105.02172997446552,19676.23865890503
174,0,105.02172997430921,19789.838695287704
175,0,105.02172997416208,19907.59142780304
176,0,105.02172997408556,20018.670225143433
177,0,105.0217299740826,20138.089501142502
178,0,105.02172997417087,20251.61276292801
179,0,105.02172997425598,20362.582884550095
180,0,105.02172997438124,20483.161682605743
181,0,105.0217299745569,20599.389246463776
182,0,105.02172997457146,20716.888028621674
183,0,105.02172997462442,20832.855402946472
184,0,105.02172997467726,20949.35829091072
185,0,105.02172997470859,21067.49849128723
186,0,105.02172997471091,21184.046506404877
187,0,105.02172997469943,21302.071926116943
188,0,105.02172997463714,21413.509895563126
189,0,105.02172997449632,21527.6596596241
190,0,105.0217299743235,21640.86981010437
191,0,105.02172997420207,21756.225996255875
192,0,105.02172997411189,21862.65986943245
193,0,105.02172997408245,21970.831635951996
194,0,105.02172997417131,22081.66428208351
195,0,105.02172997411702,22193.769439935684
196,0,105.02172997407236,22309.274295568466
197,0,105.02172997401172,22425.126883029938
198,0,105.02172997396318,22541.000922203064
199,0,105.0217299739228,22653.30250310898
