i_epoch,i_batch,loss,time
0,0,112.27369204836063,75.58052802085876
1,0,112.27239500957032,147.5975558757782
2,0,112.27168809658865,221.42178511619568
3,0,112.27114368994238,297.2746787071228
4,0,112.27085144394488,371.95166850090027
5,0,112.2707272161126,446.71759057044983
6,0,112.27060886662825,522.6400699615479
7,0,112.27049844287157,598.5331797599792
8,0,112.27036836564683,677.8066802024841
9,0,112.27023920961153,757.1406631469727
10,0,112.27012939602211,834.8086688518524
11,0,112.27003471768697,909.7153737545013
12,0,112.26995398334977,990.2085962295532
13,0,112.26988769094491,1074.0484783649445
14,0,112.26983687717386,1152.7618918418884
15,0,112.26979804414918,1228.3051083087921
16,0,112.2697685902911,1304.9342982769012
17,0,112.26974817304888,1380.9395506381989
18,0,112.26973303606678,1454.2641344070435
19,0,112.26971704651757,1527.6840765476227
20,0,112.2696981962571,1603.1786983013153
21,0,112.26967690443412,1677.6687681674957
22,0,112.26965527100808,1752.03897190094
23,0,112.26963635427647,1826.3721051216125
24,0,112.26962170962975,1898.946650505066
25,0,112.26961100130836,1974.269618988037
26,0,112.26960264945232,2050.768171072006
27,0,112.2695945489937,2125.5727915763855
28,0,112.26958604580065,2200.376604795456
29,0,112.2695777989504,2274.342975616455
30,0,112.26957062471135,2346.641109228134
31,0,112.26956489462036,2420.0940232276917
32,0,112.26955997640214,2492.9480459690094
33,0,112.26955526958947,2567.223151445389
34,0,112.26955050050807,2641.1142892837524
35,0,112.26954574865596,2714.649411201477
36,0,112.26954118809704,2789.3249197006226
37,0,112.26953695750791,2864.5858948230743
38,0,112.26953339100214,2937.7129185199738
39,0,112.26953050817231,3008.674522638321
40,0,112.26952815349833,3084.598865509033
41,0,112.26952625990451,3158.0077176094055
42,0,112.26952463108839,3233.50479221344
43,0,112.26952296165652,3308.1506628990173
44,0,112.2695211525921,3381.814900636673
45,0,112.26951941479011,3456.33984041214
46,0,112.26951790074237,3529.207183122635
47,0,112.26951664338924,3603.059296131134
48,0,112.26951560181664,3677.9664328098297
49,0,112.26951472490649,3753.4547069072723
50,0,112.26951398798025,3829.0520792007446
51,0,112.26951334201709,3902.9363720417023
52,0,112.26951272335984,3976.8970155715942
53,0,112.26951208726098,4052.5294382572174
54,0,112.26951141182282,4126.25079035759
55,0,112.26951071520742,4200.868314266205
56,0,112.26951002223232,4276.0344116687775
57,0,112.2695094099451,4353.225941896439
58,0,112.26950894573939,4428.684664487839
59,0,112.26950860489322,4503.999674797058
60,0,112.26950833745714,4580.351804971695
61,0,112.26950810297059,4656.305359840393
62,0,112.26950787852608,4731.427937030792
63,0,112.26950764611064,4808.558073997498
64,0,112.26950741097373,4884.506187915802
65,0,112.26950718765228,4959.642931222916
66,0,112.2695069830643,5036.4751932621
67,0,112.26950680234573,5111.219591856003
68,0,112.26950665939455,5187.518817424774
69,0,112.26950655578231,5263.402753353119
70,0,112.26950647961988,5338.757344245911
71,0,112.26950641193054,5413.013898849487
72,0,112.26950633781216,5492.135688304901
73,0,112.26950625859209,5564.609739780426
74,0,112.26950618447754,5641.843751192093
75,0,112.26950611228119,5719.618621826172
76,0,112.26950603836693,5794.387502908707
77,0,112.26950596739928,5867.269464254379
78,0,112.26950590383505,5941.025755882263
79,0,112.26950585020406,6014.419804811478
80,0,112.26950580747973,6089.320972204208
81,0,112.2695057728045,6164.657060146332
82,0,112.26950574137473,6238.203061103821
83,0,112.26950571029134,6311.506897687912
84,0,112.2695056797753,6387.922391653061
85,0,112.2695056520694,6462.762115478516
86,0,112.26950562892713,6537.966934919357
87,0,112.2695056089357,6610.932021141052
88,0,112.26950559025619,6686.47138261795
89,0,112.26950557345835,6760.208846092224
90,0,112.26950555899585,6837.441201686859
91,0,112.26950554745335,6911.8009967803955
92,0,112.26950553885945,6984.531170606613
93,0,112.26950553213638,7059.098238229752
94,0,112.26950552582622,7135.868246555328
95,0,112.26950551975888,7212.263133764267
96,0,112.269505514141,7285.709399223328
97,0,112.26950550858979,7359.182364940643
98,0,112.2695055031005,7436.213941335678
99,0,112.26950549754359,7510.824549913406
100,0,112.26950549187566,7584.578934669495
101,0,112.26950548665701,7659.143120765686
102,0,112.26950548242465,7732.492954492569
103,0,112.26950547921355,7811.092168807983
104,0,112.26950547656016,7883.700562000275
105,0,112.26950547430339,7958.924993753433
106,0,112.26950547220085,8033.510009527206
107,0,112.26950546991971,8108.853435754776
108,0,112.26950546781654,8181.466259717941
109,0,112.2695054660258,8256.55259180069
110,0,112.26950546451478,8332.772540330887
111,0,112.26950546320825,8407.69490981102
112,0,112.26950546211216,8480.506793737411
113,0,112.26950546111841,8553.27745103836
114,0,112.26950546004737,8627.723900794983
115,0,112.26950545904074,8702.890180587769
116,0,112.26950545822143,8776.520515918732
117,0,112.26950545763006,8849.576367616653
118,0,112.26950545708507,8925.646489620209
119,0,112.26950545654852,9000.74748969078
120,0,112.26950545596063,9076.653170347214
121,0,112.26950545540406,9151.750725269318
122,0,112.26950545489154,9224.791955947876
123,0,112.26950545444895,9296.83369398117
124,0,112.26950545406099,9370.572862625122
125,0,112.26950545371822,9444.626534938812
126,0,112.2695054533935,9518.241698980331
127,0,112.2695054531019,9592.411964654922
128,0,112.26950545282851,9669.410166025162
129,0,112.26950545258781,9745.65982413292
130,0,112.26950545236319,9819.826755285263
131,0,112.26950545216548,9894.440822839737
132,0,112.26950545199057,9968.908185720444
133,0,112.26950545182503,10043.61383152008
134,0,112.26950545167158,10118.084208965302
135,0,112.26950545152509,10193.948911190033
136,0,112.26950545139206,10269.03546833992
137,0,112.26950545125104,10343.863492250443
138,0,112.26950545114902,10416.74060344696
139,0,112.26950545107836,10490.122705698013
140,0,112.26950545102534,10564.059071779251
141,0,112.26950545096211,10639.735589504242
142,0,112.26950545090186,10711.249918937683
143,0,112.26950545085381,10785.969509124756
144,0,112.26950545076157,10859.035345077515
145,0,112.26950545071638,10934.113739013672
146,0,112.2695054506476,11010.707935094833
147,0,112.26950545061273,11086.64032459259
148,0,112.26950545054389,11160.853761672974
149,0,112.26950545050158,11235.061484098434
150,0,112.26950545044699,11308.013632297516
151,0,112.2695054504176,11381.83663392067
152,0,112.26950545037973,11456.453793764114
153,0,112.26950545034924,11531.170081615448
154,0,112.26950545033131,11606.70354795456
155,0,112.26950545032143,11681.765199661255
156,0,112.26950545028504,11752.558052778244
157,0,112.26950545024876,11825.280713796616
158,0,112.26950545022568,11900.6272919178
159,0,112.26950545019811,11975.496850967407
160,0,112.26950545017836,12052.65046954155
161,0,112.26950545018305,12129.103650093079
162,0,112.26950545017057,12203.570083856583
163,0,112.26950545014499,12277.515255689621
164,0,112.26950545011407,12351.489092826843
165,0,112.26950545007254,12424.942581415176
166,0,112.2695054500319,12499.778897762299
167,0,112.26950545003335,12577.162977457047
168,0,112.26950545001762,12651.11480665207
169,0,112.26950544998805,12725.617391109467
170,0,112.26950544998756,12799.281863689423
171,0,112.2695054499941,12870.220228433609
172,0,112.26950544996816,12937.362304925919
173,0,112.26950544994898,13002.74880027771
174,0,112.2695054499375,13065.945437908173
175,0,112.26950544992202,13130.100128650665
176,0,112.26950544990194,13195.590287685394
177,0,112.26950544988898,13260.505680084229
178,0,112.26950544988843,13324.680086612701
179,0,112.26950544985917,13393.461152076721
180,0,112.269505449844,13460.647347211838
181,0,112.26950544984537,13530.7199010849
182,0,112.26950544982039,13600.289778232574
183,0,112.2695054498105,13668.443731069565
184,0,112.2695054497977,13736.34031009674
185,0,112.26950544979901,13801.668818950653
186,0,112.26950544979893,13866.848148107529
187,0,112.26950544978655,13936.12348985672
188,0,112.26950544979707,14000.180742740631
189,0,112.26950544978548,14063.762168884277
190,0,112.26950544978195,14127.71354341507
191,0,112.26950544977159,14195.704777956009
192,0,112.26950544977672,14259.340123653412
193,0,112.26950544976471,14326.688398599625
194,0,112.26950544975001,14393.612582921982
195,0,112.26950544975641,14457.232323169708
196,0,112.26950544973288,14523.04423713684
197,0,112.26950544973468,14587.122358083725
198,0,112.26950544975581,14650.659925460815
199,0,112.26950544973965,14716.542140245438
