i_epoch,i_batch,loss,time
0,0,59.12035260148611,100.24175214767456
1,0,59.04517588977395,193.76053476333618
2,0,58.967553031674974,287.3479917049408
3,0,58.906850770565505,386.83430910110474
4,0,58.880697306681434,492.697505235672
5,0,58.88390514622703,589.0737364292145
6,0,58.88252853681673,688.3975918292999
7,0,58.87706255477767,781.9710845947266
8,0,58.867793860316745,878.6979565620422
9,0,58.85642768905146,976.1854288578033
10,0,58.84648333437192,1080.045461654663
11,0,58.8386755894768,1180.367252588272
12,0,58.833033521079564,1279.4156911373138
13,0,58.829175498774134,1380.1039385795593
14,0,58.82637906801964,1480.4289057254791
15,0,58.82414188789779,1577.8867146968842
16,0,58.822436938221486,1675.9640567302704
17,0,58.82117876181929,1772.4424788951874
18,0,58.82010720906131,1870.2249290943146
19,0,58.81907204174592,1972.7857475280762
20,0,58.8180361496523,2071.350686311722
21,0,58.81698158747452,2169.2648000717163
22,0,58.815816890808534,2271.285300254822
23,0,58.81457112659714,2371.427367925644
24,0,58.81340717779692,2470.3116137981415
25,0,58.81246202639212,2573.05007314682
26,0,58.81172921668456,2673.649255514145
27,0,58.81110010766376,2776.028964281082
28,0,58.81047563462785,2873.650155544281
29,0,58.80983197736271,2973.588388442993
30,0,58.80920077335696,3073.4289197921753
31,0,58.80859156473312,3173.414418697357
32,0,58.808044442589846,3272.2948076725006
33,0,58.8075899772193,3372.283301115036
34,0,58.807226986211866,3477.4415645599365
35,0,58.80694122927193,3580.7156994342804
36,0,58.8067195841612,3685.795746564865
37,0,58.80655225016848,3788.9044444561005
38,0,58.80641412435367,3893.738967180252
39,0,58.806291793088455,3998.181172609329
40,0,58.806151957897605,4100.452976465225
41,0,58.80597249900743,4201.486480474472
42,0,58.80576220372321,4302.6222331523895
43,0,58.80556482025757,4405.230252027512
44,0,58.80540671034492,4502.348443746567
45,0,58.80528524530227,4598.460483551025
46,0,58.80518716874892,4697.419826507568
47,0,58.805099526584506,4796.842979669571
48,0,58.805008030242426,4897.00404882431
49,0,58.804917676662335,4998.336274623871
50,0,58.80483585385366,5093.428454399109
51,0,58.80476923496048,5193.829272031784
52,0,58.804719009363204,5295.037704944611
53,0,58.80468466944455,5396.057643651962
54,0,58.804661158503585,5497.50984787941
55,0,58.804641294601055,5597.522129535675
56,0,58.80461822310147,5697.260786771774
57,0,58.80458954354283,5794.614103794098
58,0,58.8045574949229,5893.74235367775
59,0,58.80452405670987,5993.70174407959
60,0,58.804489971981845,6091.616299152374
61,0,58.80445919858137,6188.406614542007
62,0,58.80443442169571,6289.251077890396
63,0,58.80441505447596,6389.815080165863
64,0,58.80439912941438,6487.625561952591
65,0,58.80438552091519,6583.6399874687195
66,0,58.804372235365804,6683.857157945633
67,0,58.80435869131455,6782.612350463867
68,0,58.80434595985349,6884.232448339462
69,0,58.80433523481212,6984.976934194565
70,0,58.804326548015815,7084.906394481659
71,0,58.804319360408506,7186.791738986969
72,0,58.80431308668578,7292.138005256653
73,0,58.80430676813382,7393.569921016693
74,0,58.804300330346585,7494.960563898087
75,0,58.804294136400436,7589.710623502731
76,0,58.80428841496584,7688.867799758911
77,0,58.80428301661333,7788.052453279495
78,0,58.804278055715244,7889.353382349014
79,0,58.80427365115954,7992.6351664066315
80,0,58.804269610301056,8086.852890253067
81,0,58.8042658508898,8192.659281730652
82,0,58.80426230367844,8296.038532733917
83,0,58.8042591401935,8395.97663140297
84,0,58.80425630031641,8496.598906040192
85,0,58.80425366382429,8599.308129549026
86,0,58.80425133618757,8701.180644989014
87,0,58.80424922432226,8804.716006040573
88,0,58.80424749712458,8902.67461681366
89,0,58.80424604210578,8998.278032779694
90,0,58.8042446200773,9095.660127162933
91,0,58.80424332620972,9193.14821767807
92,0,58.804242149227804,9294.41142320633
93,0,58.804241029171656,9394.121218204498
94,0,58.80423988595294,9499.374143838882
95,0,58.804238770184256,9597.928004741669
96,0,58.804237775879315,9697.19429397583
97,0,58.80423690572291,9794.745736122131
98,0,58.804236125056526,9893.688623428345
99,0,58.80423545444788,9997.455403327942
100,0,58.8042348503957,10100.072634220123
101,0,58.804234299451345,10196.41351222992
102,0,58.80423381194132,10293.094118595123
103,0,58.804233376884014,10397.989591360092
104,0,58.80423297255499,10504.383023262024
105,0,58.804232621557325,10602.816467285156
106,0,58.80423231242822,10707.088009357452
107,0,58.80423203072709,10802.78376030922
108,0,58.804231762576876,10894.455288648605
109,0,58.80423151718429,10994.626881361008
110,0,58.80423129957997,11098.970474481583
111,0,58.804231105736015,11196.804730653763
112,0,58.80423093996791,11295.912829637527
113,0,58.804230796381695,11391.684162855148
114,0,58.804230668044845,11490.918747663498
115,0,58.80423055932764,11590.317969799042
116,0,58.804230467404544,11691.205100297928
117,0,58.80423038318564,11793.015780448914
118,0,58.804230306786636,11891.178941488266
119,0,58.80423024444233,11990.347315073013
120,0,58.80423019427248,12087.84714460373
121,0,58.8042301514123,12185.758903741837
122,0,58.80423011497068,12287.230279684067
123,0,58.804230081104386,12384.023043870926
124,0,58.80423004817516,12488.282215118408
125,0,58.80423001878301,12591.741194963455
126,0,58.804229994111424,12696.66039633751
127,0,58.80422997505871,12795.976362466812
128,0,58.8042299596222,12897.281849861145
129,0,58.80422994815632,13002.04116988182
130,0,58.80422993863401,13101.850045204163
131,0,58.80422992980586,13203.345943450928
132,0,58.80422992133833,13304.834889411926
133,0,58.804229912455035,13398.159613847733
134,0,58.80422990353246,13496.466403484344
135,0,58.804229894789884,13591.60228562355
136,0,58.80422988688118,13694.403837680817
137,0,58.804229880003504,13792.678366184235
138,0,58.80422987398409,13890.885025024414
139,0,58.804229868649344,13987.798777103424
140,0,58.80422986394845,14086.272656202316
141,0,58.804229859826,14185.326347827911
142,0,58.80422985592032,14282.997054100037
143,0,58.80422985183354,14381.645161151886
144,0,58.804229847934614,14480.337954044342
145,0,58.80422984453802,14579.836313962936
146,0,58.80422984143857,14682.114517450333
147,0,58.80422983859651,14776.79159617424
148,0,58.80422983604015,14874.496296167374
149,0,58.80422983383033,14971.72636437416
150,0,58.80422983206396,15071.683982610703
151,0,58.80422983062892,15173.4136865139
152,0,58.804229829266816,15274.54396533966
153,0,58.804229827883454,15373.485019922256
154,0,58.8042298266333,15475.066264867783
155,0,58.804229825544084,15572.581561803818
156,0,58.80422982458695,15671.997885227203
157,0,58.80422982353101,15777.060575008392
158,0,58.80422982248416,15875.343903541565
159,0,58.804229821688324,15972.313205718994
160,0,58.80422982105448,16076.687890291214
161,0,58.80422982052596,16178.5097386837
162,0,58.804229819928814,16274.715070009232
163,0,58.804229819064325,16376.085445404053
164,0,58.8042298179115,16469.1326482296
165,0,58.804229816735344,16572.202182531357
166,0,58.80422981600442,16667.946828126907
167,0,58.80422981608928,16763.53788113594
168,0,58.80422981710325,16861.326007127762
169,0,58.804229818657554,16962.1771774292
170,0,58.80422982002605,17062.083117723465
171,0,58.80422982027614,17158.988646030426
172,0,58.80422981892648,17257.752082824707
173,0,58.804229816738385,17357.12984919548
174,0,58.804229815345465,17459.811556339264
175,0,58.804229815802806,17563.116252183914
176,0,58.80422981781787,17662.83353614807
177,0,58.804229819868596,17756.286607027054
178,0,58.80422982097219,17853.605593919754
179,0,58.80422982105587,17954.612710237503
180,0,58.8042298215441,18050.97143816948
181,0,58.80422982384468,18153.448799610138
182,0,58.80422982743159,18250.45642066002
183,0,58.80422983062501,18353.1484746933
184,0,58.804229831497125,18451.434643507004
185,0,58.80422982916405,18550.487543582916
186,0,58.804229824881865,18648.042967796326
187,0,58.80422982115324,18750.261112689972
188,0,58.80422982007539,18854.42408657074
189,0,58.8042298221773,18954.407655239105
190,0,58.80422982619027,19054.423934936523
191,0,58.80422982998956,19155.097091197968
192,0,58.80422983188989,19254.361252069473
193,0,58.80422983178978,19360.607649564743
194,0,58.80422983045012,19463.340063095093
195,0,58.804229828727884,19566.088768720627
196,0,58.804229825835435,19669.170217990875
197,0,58.8042298224845,19774.955841064453
198,0,58.80422982056137,19875.282729148865
199,0,58.804229820774076,19974.977746725082
