i_epoch,i_batch,loss,time
0,0,107.0562264023915,61.303356409072876
1,0,107.05018227267497,119.14942598342896
2,0,107.04524466578908,178.44927430152893
3,0,107.04115548387735,238.03220295906067
4,0,107.03953139933286,297.5325458049774
5,0,107.039049526142,358.0153923034668
6,0,107.03832193127106,417.78138518333435
7,0,107.03790698857377,478.1262745857239
8,0,107.03741903280165,538.525830745697
9,0,107.03673366042881,598.9621560573578
10,0,107.03600188443833,657.6167905330658
11,0,107.03529129080773,717.8599369525909
12,0,107.03467004270581,778.2595422267914
13,0,107.03425035972967,838.0660755634308
14,0,107.03401038457031,896.8155739307404
15,0,107.03386627376427,955.0591909885406
16,0,107.03377879814488,1015.0304479598999
17,0,107.03370938711389,1075.7789947986603
18,0,107.03363572893022,1135.8089184761047
19,0,107.03354595871497,1194.430847644806
20,0,107.03343546390288,1253.7432713508606
21,0,107.03331556626028,1314.8965227603912
22,0,107.03320333141191,1375.7500612735748
23,0,107.03311930050813,1435.4199945926666
24,0,107.03306192909884,1494.4946119785309
25,0,107.03301503096692,1555.4438788890839
26,0,107.03296795237164,1615.0421302318573
27,0,107.03291861269113,1675.5095384120941
28,0,107.03286959399928,1735.3510348796844
29,0,107.03282593704864,1796.7501711845398
30,0,107.03279134040208,1857.5925405025482
31,0,107.03275834647933,1917.6577599048615
32,0,107.03272094059027,1976.557065486908
33,0,107.03268231230723,2037.156438112259
34,0,107.03265128684409,2097.2555050849915
35,0,107.03262732914905,2158.4428753852844
36,0,107.03260572350733,2218.246834754944
37,0,107.03258525000818,2276.9729175567627
38,0,107.03256486506254,2337.634945869446
39,0,107.03254473612532,2397.2318801879883
40,0,107.03252538447747,2457.0260581970215
41,0,107.03250798486398,2515.434692144394
42,0,107.03249367239412,2574.4545979499817
43,0,107.03248378399094,2634.0421772003174
44,0,107.03247733227337,2693.9283318519592
45,0,107.03247156889692,2752.420977830887
46,0,107.03246435239096,2812.9415690898895
47,0,107.03245591913836,2873.676970243454
48,0,107.03244733909133,2935.426383972168
49,0,107.03243966951526,2994.1224462985992
50,0,107.03243409519227,3053.197915315628
51,0,107.03243085040059,3112.7212772369385
52,0,107.03242838761392,3173.207153081894
53,0,107.03242533818263,3233.628009557724
54,0,107.0324212371955,3294.1228773593903
55,0,107.03241648699311,3354.878616333008
56,0,107.03241184972609,3416.6324191093445
57,0,107.03240819921031,3477.2212512493134
58,0,107.03240559546612,3537.705757379532
59,0,107.03240357037298,3598.962553501129
60,0,107.03240180709757,3660.6309263706207
61,0,107.03240012266109,3721.8343856334686
62,0,107.03239850593455,3781.2693061828613
63,0,107.03239698346901,3843.2165520191193
64,0,107.03239561278785,3902.978912591934
65,0,107.03239434818768,3962.5074739456177
66,0,107.03239313274983,4022.210443019867
67,0,107.03239199329312,4080.5784528255463
68,0,107.03239101340841,4140.704665899277
69,0,107.03239020133745,4202.5242874622345
70,0,107.03238960660585,4264.40817284584
71,0,107.03238915011798,4323.192651510239
72,0,107.03238865898088,4383.798194646835
73,0,107.03238807651962,4444.1378474235535
74,0,107.03238744408215,4504.195741653442
75,0,107.03238689048499,4564.95255279541
76,0,107.03238650140138,4624.2252423763275
77,0,107.03238624469058,4684.062584877014
78,0,107.03238602433879,4744.807491779327
79,0,107.03238579758089,4804.947807788849
80,0,107.03238555274733,4865.732471942902
81,0,107.03238530770597,4927.259654760361
82,0,107.03238507418367,4987.734100341797
83,0,107.03238486410982,5047.033331871033
84,0,107.0323846941917,5108.373357772827
85,0,107.03238457509626,5167.643445014954
86,0,107.03238448697795,5225.934995651245
87,0,107.03238440221307,5284.770754337311
88,0,107.03238431157062,5346.499255657196
89,0,107.0323842169819,5405.0626010894775
90,0,107.03238412693335,5467.050444602966
91,0,107.03238405424791,5525.174511194229
92,0,107.03238400490869,5584.386789321899
93,0,107.03238397819024,5641.885907411575
94,0,107.03238395922845,5700.312490940094
95,0,107.0323839361401,5758.798531532288
96,0,107.03238390821193,5818.126887559891
97,0,107.03238387615083,5876.0438730716705
98,0,107.03238384119683,5935.285843372345
99,0,107.03238380714397,5995.928690195084
100,0,107.03238378003056,6055.724833250046
101,0,107.03238376023883,6116.202725887299
102,0,107.03238374423309,6176.095496177673
103,0,107.03238373037355,6239.639036893845
104,0,107.03238371988579,6300.711229085922
105,0,107.0323837115489,6360.180935382843
106,0,107.03238370237413,6419.344297170639
107,0,107.0323836918481,6477.945321559906
108,0,107.03238368127217,6540.031386613846
109,0,107.03238366996587,6601.643609046936
110,0,107.03238365831872,6662.282379388809
111,0,107.03238364843182,6723.524857759476
112,0,107.03238364096039,6784.36637711525
113,0,107.03238363453507,6844.686734199524
114,0,107.03238362795648,6903.689605712891
115,0,107.03238362128569,6967.32099032402
116,0,107.03238361494101,7026.739821434021
117,0,107.03238360901884,7084.9302814006805
118,0,107.03238360390719,7157.217757225037
119,0,107.03238359960515,7233.234189748764
120,0,107.0323835963468,7317.702011346817
121,0,107.03238359364614,7392.280166625977
122,0,107.03238359106088,7457.876250743866
123,0,107.03238358828118,7518.371649980545
124,0,107.03238358533686,7581.313153505325
125,0,107.03238358259554,7642.546018362045
126,0,107.03238358025557,7703.240924119949
127,0,107.03238357833912,7764.604345321655
128,0,107.0323835767336,7824.975313901901
129,0,107.03238357546113,7886.219037055969
130,0,107.0323835743435,7947.22416138649
131,0,107.03238357333198,8008.314206838608
132,0,107.03238357233506,8068.927265405655
133,0,107.03238357129575,8129.187500238419
134,0,107.03238357032038,8190.019805669785
135,0,107.03238356953729,8250.679687976837
136,0,107.03238356900403,8311.886227846146
137,0,107.03238356866454,8372.881507635117
138,0,107.03238356834551,8433.703229427338
139,0,107.03238356798457,8494.891253948212
140,0,107.0323835676358,8556.228973150253
141,0,107.03238356732956,8617.909533023834
142,0,107.03238356707118,8679.51186990738
143,0,107.03238356688324,8740.582500696182
144,0,107.03238356677632,8801.467222213745
145,0,107.03238356668896,8862.261008262634
146,0,107.03238356657448,8923.448738336563
147,0,107.03238356635754,8984.417706251144
148,0,107.03238356612529,9045.193589925766
149,0,107.03238356597231,9106.617318630219
150,0,107.03238356577066,9167.435236930847
151,0,107.0323835656858,9227.904801368713
152,0,107.03238356566597,9288.660094976425
153,0,107.03238356563334,9348.803767204285
154,0,107.03238356556089,9409.306665420532
155,0,107.03238356543854,9469.942285299301
156,0,107.03238356523485,9530.96109175682
157,0,107.03238356502287,9591.684639930725
158,0,107.0323835648974,9651.633505105972
159,0,107.03238356482665,9712.365499258041
160,0,107.03238356481681,9772.586935043335
161,0,107.03238356487329,9832.607617378235
162,0,107.03238356484906,9893.112642288208
163,0,107.03238356481309,9953.178668260574
164,0,107.03238356480206,10013.3821144104
165,0,107.03238356470169,10073.882713794708
166,0,107.03238356467544,10134.46437239647
167,0,107.03238356471348,10195.013829231262
168,0,107.03238356475559,10255.5500831604
169,0,107.03238356483469,10316.291893959045
170,0,107.03238356498369,10376.45763874054
171,0,107.0323835650415,10435.814907312393
172,0,107.03238356511218,10496.02481675148
173,0,107.03238356514304,10556.132777929306
174,0,107.03238356504083,10616.92412853241
175,0,107.03238356487603,10677.887246131897
176,0,107.03238356479294,10739.112550735474
177,0,107.03238356471967,10799.641844272614
178,0,107.03238356479865,10860.735035657883
179,0,107.03238356489513,10921.306051015854
180,0,107.03238356486399,10982.112982273102
181,0,107.03238356468907,11042.24207854271
182,0,107.03238356448264,11102.646552801132
183,0,107.03238356436341,11163.35049700737
184,0,107.03238356439421,11222.82117152214
185,0,107.03238356454132,11283.699438095093
186,0,107.03238356469927,11344.469137430191
187,0,107.03238356479605,11405.516758203506
188,0,107.03238356485487,11466.81554365158
189,0,107.03238356496409,11527.621871709824
190,0,107.03238356521807,11588.818512439728
191,0,107.03238356562916,11650.35039305687
192,0,107.03238356608679,11711.56059551239
193,0,107.03238356639211,11773.040240049362
194,0,107.03238356636068,11833.40493440628
195,0,107.03238356598123,11894.07412815094
196,0,107.03238356548951,11954.989028930664
197,0,107.0323835652137,12015.556210279465
198,0,107.03238356532772,12075.614907741547
199,0,107.03238356575184,12136.464552164078
