i_epoch,i_batch,loss,time
0,0,109.38688552742,60.774147748947144
1,0,109.38310861292119,120.23866009712219
2,0,109.3803916259772,180.69922256469727
3,0,109.37804553189763,240.63251972198486
4,0,109.37713115660988,301.1130893230438
5,0,109.37675146074078,361.7268109321594
6,0,109.37634625159626,422.5172207355499
7,0,109.3761482545071,482.8009150028229
8,0,109.37583570101766,543.0028715133667
9,0,109.37537608283628,602.853673696518
10,0,109.3749107961094,663.2429230213165
11,0,109.37449679272294,723.1913456916809
12,0,109.37414837019989,783.1026501655579
13,0,109.3739072089764,843.5143709182739
14,0,109.37377856584007,903.5308804512024
15,0,109.37372930951443,963.5639245510101
16,0,109.37370507170765,1023.463788986206
17,0,109.37365819256178,1083.5597138404846
18,0,109.37358700390438,1143.7343866825104
19,0,109.37350582647584,1203.8402276039124
20,0,109.37342037456382,1263.49978017807
21,0,109.37334569625081,1323.5800862312317
22,0,109.37328944368922,1383.7456176280975
23,0,109.37324716409034,1444.7128159999847
24,0,109.37321027896309,1505.7137897014618
25,0,109.37317736002859,1566.1164190769196
26,0,109.37315132472344,1626.781757593155
27,0,109.3731289805609,1687.1111776828766
28,0,109.37310387934089,1748.0424225330353
29,0,109.37307776934296,1808.6444594860077
30,0,109.37305338442889,1869.0196838378906
31,0,109.37303013417029,1930.245931148529
32,0,109.37300862231181,1991.5168416500092
33,0,109.37299037130254,2051.878637313843
34,0,109.37297428957602,2112.8834569454193
35,0,109.37295923299868,2173.4594740867615
36,0,109.37294506315205,2234.9631955623627
37,0,109.37293176430371,2295.8063085079193
38,0,109.37291986771213,2356.6110775470734
39,0,109.37290988138373,2417.283259153366
40,0,109.37290053118305,2478.7787096500397
41,0,109.37289107905727,2538.741278409958
42,0,109.37288182203011,2599.56259560585
43,0,109.37287395906151,2660.657816171646
44,0,109.37286731835977,2721.1208834648132
45,0,109.37286116300773,2781.650974750519
46,0,109.37285575562849,2841.888577222824
47,0,109.37285094372017,2902.1674797534943
48,0,109.37284665203495,2963.6100482940674
49,0,109.3728428641368,3023.5086646080017
50,0,109.37283977341157,3083.8203027248383
51,0,109.37283743026774,3144.0268874168396
52,0,109.37283539127876,3203.9284491539
53,0,109.37283319909488,3264.1681168079376
54,0,109.3728307418806,3324.7571139335632
55,0,109.37282830134856,3385.4587960243225
56,0,109.37282604624225,3445.9164412021637
57,0,109.37282401331957,3506.3856194019318
58,0,109.37282227228376,3566.726105451584
59,0,109.37282077847692,3627.1160860061646
60,0,109.37281958704054,3687.8493535518646
61,0,109.37281855862234,3747.863710641861
62,0,109.37281761102437,3808.401209115982
63,0,109.37281676903696,3868.6076984405518
64,0,109.37281608023265,3928.7854471206665
65,0,109.37281546927618,3989.498508453369
66,0,109.37281492892569,4050.6571946144104
67,0,109.37281447719411,4110.483470916748
68,0,109.37281412894814,4171.217416763306
69,0,109.37281386301578,4232.5443959236145
70,0,109.37281362753932,4294.410706758499
71,0,109.37281338649991,4355.599640846252
72,0,109.37281312495915,4416.762685060501
73,0,109.37281286165774,4478.2035439014435
74,0,109.37281260979647,4538.739536523819
75,0,109.3728123785667,4600.178533792496
76,0,109.37281217992849,4660.565308570862
77,0,109.37281200867007,4721.727021932602
78,0,109.37281186363342,4782.204571962357
79,0,109.37281174701677,4842.62567782402
80,0,109.37281164790235,4903.602496147156
81,0,109.37281156184389,4964.327031373978
82,0,109.37281147346538,5024.424374103546
83,0,109.37281138712667,5084.799169540405
84,0,109.37281131407029,5144.297146558762
85,0,109.37281125245877,5204.861040592194
86,0,109.37281119935209,5263.613663434982
87,0,109.37281115467192,5323.692923784256
88,0,109.37281110869642,5383.890191793442
89,0,109.37281106189904,5444.968684673309
90,0,109.3728110201871,5506.139947414398
91,0,109.37281098494361,5566.862931251526
92,0,109.3728109558775,5628.09935092926
93,0,109.37281093021879,5689.298925638199
94,0,109.3728109029844,5749.603513240814
95,0,109.3728108715107,5811.270617723465
96,0,109.37281083735621,5872.089632034302
97,0,109.37281080514413,5933.88237452507
98,0,109.37281077745568,5996.120889663696
99,0,109.37281075491268,6057.785022735596
100,0,109.37281073843613,6118.6636662483215
101,0,109.37281072615157,6179.5608332157135
102,0,109.37281071555344,6240.183395385742
103,0,109.37281070600554,6301.016570568085
104,0,109.37281069711938,6361.869870662689
105,0,109.37281068853332,6422.63183093071
106,0,109.37281067931423,6482.992521047592
107,0,109.37281066979739,6543.324357748032
108,0,109.37281066134973,6604.535263061523
109,0,109.37281065388851,6666.210519075394
110,0,109.37281064698998,6726.645350456238
111,0,109.3728106411091,6786.575622081757
112,0,109.3728106367942,6846.681734085083
113,0,109.3728106339638,6906.577809810638
114,0,109.37281063150903,6966.872505187988
115,0,109.37281062888067,7028.248816728592
116,0,109.37281062598917,7088.36905503273
117,0,109.37281062321784,7146.159273862839
118,0,109.37281062076553,7206.70151758194
119,0,109.37281061870999,7263.616182565689
120,0,109.37281061701003,7320.670818328857
121,0,109.37281061562005,7380.087264299393
122,0,109.37281061434271,7439.770389556885
123,0,109.37281061318068,7500.50041270256
124,0,109.3728106120476,7562.838264226913
125,0,109.3728106111149,7624.425540447235
126,0,109.37281061016796,7685.8123099803925
127,0,109.37281060933549,7746.785677909851
128,0,109.37281060863104,7809.784856796265
129,0,109.37281060796593,7872.207621574402
130,0,109.37281060734847,7928.7908227443695
131,0,109.3728106068342,7988.694525241852
132,0,109.3728106061412,8047.231246709824
133,0,109.37281060552422,8108.4774668216705
134,0,109.37281060509031,8170.4598870277405
135,0,109.37281060482947,8232.637074232101
136,0,109.37281060451706,8290.433093309402
137,0,109.37281060432781,8349.203944206238
138,0,109.3728106040445,8410.152036905289
139,0,109.37281060380518,8472.460151672363
140,0,109.37281060370209,8546.861155986786
141,0,109.37281060334712,8627.478709936142
142,0,109.37281060307882,8711.027159929276
143,0,109.37281060282965,8786.777087688446
144,0,109.37281060274047,8869.416926145554
145,0,109.37281060250712,8931.236013412476
146,0,109.37281060233094,8993.58091044426
147,0,109.37281060228919,9054.549846172333
148,0,109.37281060212466,9115.917216777802
149,0,109.3728106019468,9175.730989933014
150,0,109.37281060185114,9236.20099067688
151,0,109.3728106016918,9296.639205932617
152,0,109.3728106016046,9357.95981144905
153,0,109.37281060144373,9419.098283529282
154,0,109.37281060138733,9480.008507013321
155,0,109.37281060130262,9540.81798529625
156,0,109.37281060131491,9600.434049129486
157,0,109.37281060127732,9661.390080213547
158,0,109.37281060135355,9721.842616081238
159,0,109.37281060120465,9782.925605773926
160,0,109.37281060108734,9843.555174589157
161,0,109.37281060100699,9904.313541173935
162,0,109.37281060103207,9965.243021249771
163,0,109.37281060101893,10025.86623263359
164,0,109.37281060101647,10086.791380405426
165,0,109.3728106010576,10147.09261894226
166,0,109.37281060115977,10207.632863998413
167,0,109.37281060118934,10267.376271724701
168,0,109.37281060118686,10328.7064640522
169,0,109.37281060109096,10389.90405035019
170,0,109.37281060094205,10449.8940346241
171,0,109.37281060088449,10510.209849119186
172,0,109.37281060085515,10571.05232834816
173,0,109.37281060084366,10631.298011302948
174,0,109.37281060089771,10690.913498878479
175,0,109.37281060075937,10750.644965410233
176,0,109.3728106006606,10810.665568351746
177,0,109.37281060073144,10871.272406339645
178,0,109.37281060067407,10931.310070991516
179,0,109.37281060061466,10991.393983364105
180,0,109.37281060072908,11052.016805887222
181,0,109.37281060073516,11112.588752985
182,0,109.3728106008208,11172.339961767197
183,0,109.3728106009085,11233.345539093018
184,0,109.37281060080171,11293.762620210648
185,0,109.37281060083596,11353.73297905922
186,0,109.37281060084689,11414.296166658401
187,0,109.37281060079087,11474.546543359756
188,0,109.3728106006505,11536.632756233215
189,0,109.37281060061157,11597.281150102615
190,0,109.37281060058454,11657.556233644485
191,0,109.37281060053742,11718.403007268906
192,0,109.37281060064767,11778.470777273178
193,0,109.37281060070875,11838.43894314766
194,0,109.37281060065507,11899.032675027847
195,0,109.37281060063552,11959.27852010727
196,0,109.37281060063033,12020.775542020798
197,0,109.37281060060405,12081.142627716064
198,0,109.37281060059252,12140.860345602036
199,0,109.37281060073207,12200.539707183838
