i_epoch,i_batch,loss,time
0,0,22.76157764479332,99.2289776802063
1,0,22.612023809664812,198.2475459575653
2,0,22.45986274867855,296.6652777194977
3,0,22.338602103405673,393.68447709083557
4,0,22.28706648064121,492.60468912124634
5,0,22.29365212716309,594.8000810146332
6,0,22.28930474666343,693.8133597373962
7,0,22.277412271960213,791.1824197769165
8,0,22.258991035430157,890.2315819263458
9,0,22.23641442442685,984.5256276130676
10,0,22.21681297754732,1085.2891294956207
11,0,22.201375699884988,1181.7627515792847
12,0,22.189862099943017,1283.2022352218628
13,0,22.18162224996581,1384.5113372802734
14,0,22.175514643569503,1480.5413131713867
15,0,22.170463868154652,1575.6438801288605
16,0,22.16657637123433,1671.1850616931915
17,0,22.16407069530772,1769.0932023525238
18,0,22.16215234226145,1867.6104128360748
19,0,22.16027801293557,1974.682471036911
20,0,22.158395463385904,2076.982666492462
21,0,22.156298239525984,2174.9974389076233
22,0,22.153862697896507,2278.4266152381897
23,0,22.151364214626483,2370.1105496883392
24,0,22.149106556419213,2465.419328689575
25,0,22.147202296261945,2565.461270093918
26,0,22.145687571409926,2663.2369496822357
27,0,22.144417414844323,2761.8679072856903
28,0,22.143194755391825,2861.599420070648
29,0,22.141937777520603,2962.740176677704
30,0,22.140669834446655,3058.4425704479218
31,0,22.139490964970243,3157.373858690262
32,0,22.138414142945056,3253.7266585826874
33,0,22.137424895822313,3350.3096902370453
34,0,22.13659351939601,3451.829867362976
35,0,22.135975384100657,3555.565902233124
36,0,22.135537417187262,3654.933890104294
37,0,22.135206702460696,3751.9012875556946
38,0,22.134959459527515,3852.7291259765625
39,0,22.134743447227713,3951.3275229930878
40,0,22.13448015115447,4051.6790294647217
41,0,22.13412640243253,4150.119851350784
42,0,22.13370458057458,4251.8252584934235
43,0,22.133303001730926,4347.662258386612
44,0,22.132987600329223,4447.948154211044
45,0,22.132762233567195,4547.768825054169
46,0,22.13258779798707,4651.008946657181
47,0,22.132414559269364,4749.396203517914
48,0,22.13222596882111,4851.498813152313
49,0,22.132039426008998,4954.282494068146
50,0,22.131867488507574,5055.256585121155
51,0,22.131716497597978,5155.543741464615
52,0,22.13160090099446,5252.323561429977
53,0,22.131529022959814,5351.320741415024
54,0,22.131485221417275,5455.1732704639435
55,0,22.131442346005286,5556.188854217529
56,0,22.13139047727947,5655.298245191574
57,0,22.131332846020378,5750.971359968185
58,0,22.131279706259583,5851.342214584351
59,0,22.131228201501933,5952.767423629761
60,0,22.13117088909493,6048.069817304611
61,0,22.131109449317062,6148.031784534454
62,0,22.131053667290516,6250.3589997291565
63,0,22.131009153607692,6350.920472145081
64,0,22.13097410026534,6450.47765827179
65,0,22.13094516538843,6551.61224770546
66,0,22.13091942065325,6649.243980884552
67,0,22.130894178207054,6750.472457647324
68,0,22.130868474681186,6850.0079464912415
69,0,22.130845348613846,6945.095723867416
70,0,22.130827145651313,7042.508076906204
71,0,22.130811955435334,7144.222632884979
72,0,22.130797359431686,7247.288336277008
73,0,22.130783240670496,7349.544185638428
74,0,22.130771117028026,7447.880323410034
75,0,22.130760585294905,7546.082582473755
76,0,22.130750556716716,7647.110171079636
77,0,22.13074088616628,7749.838695049286
78,0,22.130731910101886,7909.1530747413635
79,0,22.130723207887264,8070.844358205795
80,0,22.130714426568144,8231.362500429153
81,0,22.13070598531042,8396.50277543068
82,0,22.130698352085833,8561.692380428314
83,0,22.130691637469685,8721.339448213577
84,0,22.130685969504498,8882.044451475143
85,0,22.13068106991081,8993.24739408493
86,0,22.1306765609805,9097.739349603653
87,0,22.130672330540232,9197.413749217987
88,0,22.130668523979708,9298.995531082153
89,0,22.130665062104093,9403.070746660233
90,0,22.130661851575805,9501.649740934372
91,0,22.130658945656005,9598.680535078049
92,0,22.1306563637967,9694.718452692032
93,0,22.1306540693206,9793.079011201859
94,0,22.13065187878195,9887.957686424255
95,0,22.130649786082007,9992.060124874115
96,0,22.13064785764681,10089.355553150177
97,0,22.130646067783076,10184.427315711975
98,0,22.130644361708967,10284.085231542587
99,0,22.130642767217083,10380.097531318665
100,0,22.130641316123388,10473.324439525604
101,0,22.13063999872519,10571.166194200516
102,0,22.130638816318385,10672.110068798065
103,0,22.130637787741648,10770.739206790924
104,0,22.13063691162709,10868.352907657623
105,0,22.130636143639776,10965.355806350708
106,0,22.130635438277128,11062.455551862717
107,0,22.130634789296515,11159.888837814331
108,0,22.130634200473715,11259.337412834167
109,0,22.13063366170663,11363.87856388092
110,0,22.13063314821183,11463.382009029388
111,0,22.13063266592946,11562.190441131592
112,0,22.13063223614542,11657.13647389412
113,0,22.130631869627063,11753.774857997894
114,0,22.130631568862658,11851.723706245422
115,0,22.130631305302657,11949.738183259964
116,0,22.13063106530472,12053.12595319748
117,0,22.13063084527719,12154.447915315628
118,0,22.130630649826525,12256.409244298935
119,0,22.130630466623533,12358.323776960373
120,0,22.130630298305434,12453.872276306152
121,0,22.130630168296737,12551.410705327988
122,0,22.130630074964525,12649.202496290207
123,0,22.1306300037935,12745.189046144485
124,0,22.130629939512225,12840.808670759201
125,0,22.1306298709619,12935.00656414032
126,0,22.130629801881174,13033.63205575943
127,0,22.130629738285368,13128.852064371109
128,0,22.13062968490968,13227.694593906403
129,0,22.130629645289027,13323.907310009003
130,0,22.130629617179025,13421.968980550766
131,0,22.130629595658153,13516.494546890259
132,0,22.130629577372222,13614.577116727829
133,0,22.13062956229094,13716.160910367966
134,0,22.130629549995955,13820.08702659607
135,0,22.13062953947059,13917.870049476624
136,0,22.130629529652392,14014.487936973572
137,0,22.130629520800888,14113.704755067825
138,0,22.130629513510012,14205.381325244904
139,0,22.130629508277323,14305.941487550735
140,0,22.13062950346664,14404.805201768875
141,0,22.13062949866271,14506.00818157196
142,0,22.130629493152952,14604.16562128067
143,0,22.130629487665995,14701.11363363266
144,0,22.13062948306306,14803.53359413147
145,0,22.1306294785379,14902.365491390228
146,0,22.130629473338775,14995.295620679855
147,0,22.130629465901798,15090.301642656326
148,0,22.130629458072928,15182.846660137177
149,0,22.13062945260585,15281.484093666077
150,0,22.130629450484463,15380.24345445633
151,0,22.130629451918107,15485.896430969238
152,0,22.130629448381544,15583.63805270195
153,0,22.13062944234974,15679.658554792404
154,0,22.13062943719159,15776.541812181473
155,0,22.13062943260242,15873.392369508743
156,0,22.130629430263063,15970.029899597168
157,0,22.130629424576373,16067.9515106678
158,0,22.130629418741886,16168.2221493721
159,0,22.13062941828335,16268.684537887573
160,0,22.130629420942746,16372.335175275803
161,0,22.130629424164862,16469.99854850769
162,0,22.13062942192422,16568.772808790207
163,0,22.130629416930084,16665.36980843544
164,0,22.130629413996797,16763.968057632446
165,0,22.13062941198776,16859.973026514053
166,0,22.13062941065663,16960.045915842056
167,0,22.13062940964431,17059.056453227997
168,0,22.130629409204566,17156.633270978928
169,0,22.130629409617832,17259.42943572998
170,0,22.130629410294564,17341.11164164543
171,0,22.130629410758228,17419.822025299072
172,0,22.130629412025378,17497.02835059166
173,0,22.13062941384288,17575.635028123856
174,0,22.130629416192843,17653.50288796425
175,0,22.13062941800143,17730.761145830154
176,0,22.130629417646798,17801.011610031128
177,0,22.130629416540472,17865.179789304733
178,0,22.130629416120478,17933.65720796585
179,0,22.13062941668316,17998.339190721512
180,0,22.130629416380387,18063.30920982361
181,0,22.130629415580543,18132.22547841072
182,0,22.130629415833734,18196.81033205986
183,0,22.13062941764467,18262.113313674927
184,0,22.130629421115156,18328.332463502884
185,0,22.130629424450465,18394.400770664215
186,0,22.130629427607058,18460.876378536224
187,0,22.130629430472563,18529.25954914093
188,0,22.1306294323629,18595.11764383316
189,0,22.130629432675665,18661.61740231514
190,0,22.130629430953753,18727.65965104103
191,0,22.130629427159374,18794.425830602646
192,0,22.13062942425348,18861.7368953228
193,0,22.130629424027095,18927.237743616104
194,0,22.130629424601725,18996.1490380764
195,0,22.130629426546957,19064.876050710678
196,0,22.130629428507536,19134.468121767044
197,0,22.130629427535954,19203.987323999405
198,0,22.130629423815286,19271.806879997253
199,0,22.1306294212738,19339.435485363007
