i_epoch,i_batch,loss,time
0,0,106.96430627748947,60.26844263076782
1,0,106.95873261417195,120.42087602615356
2,0,106.95452029399739,182.0411400794983
3,0,106.95106682820075,240.203120470047
4,0,106.94918465360587,299.81865096092224
5,0,106.94859429755334,360.22262167930603
6,0,106.94812055350292,420.5332839488983
7,0,106.94766438572059,479.5085735321045
8,0,106.9470601778573,538.4031791687012
9,0,106.94633720623558,598.6497738361359
10,0,106.94558006421165,657.8944826126099
11,0,106.9449137375921,717.4977602958679
12,0,106.94436262632273,777.8743171691895
13,0,106.9440168120214,837.9531610012054
14,0,106.94389002713086,898.1975395679474
15,0,106.94384996221197,956.8518908023834
16,0,106.94380125855332,1017.0591905117035
17,0,106.9437132391445,1076.7276418209076
18,0,106.94358890153319,1136.8251802921295
19,0,106.94345174113488,1197.3129851818085
20,0,106.94333499403604,1258.032723903656
21,0,106.94324420547973,1317.7750153541565
22,0,106.94317644383318,1378.5969777107239
23,0,106.94312640619748,1438.0375933647156
24,0,106.94307751315078,1497.9093585014343
25,0,106.94302119989725,1557.8229413032532
26,0,106.9429655859937,1619.1013839244843
27,0,106.9429214150056,1679.86749958992
28,0,106.94288212360755,1740.465537071228
29,0,106.94283585465418,1799.5295708179474
30,0,106.94278528852708,1859.486248254776
31,0,106.94274040056868,1919.981482744217
32,0,106.9427053290998,1979.0421855449677
33,0,106.94267689465516,2039.0014972686768
34,0,106.94265370138928,2098.988453388214
35,0,106.94263375692685,2159.7058284282684
36,0,106.9426126663899,2220.419613599777
37,0,106.94258995185842,2281.4580388069153
38,0,106.9425675760131,2341.702028989792
39,0,106.94254849501233,2401.719836950302
40,0,106.94253451282803,2461.630444049835
41,0,106.94252353132745,2521.8277287483215
42,0,106.9425137191014,2582.2946281433105
43,0,106.94250444318634,2642.3116867542267
44,0,106.9424959871602,2702.2687780857086
45,0,106.94248850057261,2762.5622141361237
46,0,106.9424813900892,2821.981232881546
47,0,106.94247472548176,2881.8923139572144
48,0,106.94246938951909,2941.8870339393616
49,0,106.94246526337908,3001.9869556427
50,0,106.94246153025942,3061.5445363521576
51,0,106.94245764556025,3121.7972338199615
52,0,106.94245329880654,3181.5193016529083
53,0,106.94244863601547,3241.0629818439484
54,0,106.94244391122551,3300.4646995067596
55,0,106.94243945498377,3361.4001808166504
56,0,106.94243571124447,3419.840648651123
57,0,106.9424330191017,3480.810530900955
58,0,106.9424312270516,3541.5259821414948
59,0,106.94242974739281,3601.841856956482
60,0,106.94242817527407,3661.650871515274
61,0,106.94242656291196,3722.5103681087494
62,0,106.94242498072683,3782.285029888153
63,0,106.94242345229078,3842.554485797882
64,0,106.94242198725034,3901.5836098194122
65,0,106.94242070561145,3962.40496635437
66,0,106.94241972230125,4023.6068229675293
67,0,106.94241902026005,4083.070471763611
68,0,106.9424183486365,4143.414305686951
69,0,106.94241765132932,4204.519948005676
70,0,106.94241695253274,4265.222104549408
71,0,106.9424163387165,4326.518614292145
72,0,106.94241583525587,4385.155745744705
73,0,106.94241539287931,4444.260612249374
74,0,106.94241498998309,4503.245454788208
75,0,106.94241463336436,4562.906176567078
76,0,106.94241431710289,4622.365003824234
77,0,106.94241402238221,4684.202776193619
78,0,106.94241372577342,4744.492517948151
79,0,106.94241344468173,4806.750665187836
80,0,106.94241322228612,4866.886531114578
81,0,106.94241305777501,4927.103005886078
82,0,106.9424129233731,4985.537129878998
83,0,106.94241279030987,5045.942846775055
84,0,106.94241263610937,5105.846520423889
85,0,106.94241247997435,5164.957687854767
86,0,106.94241235262814,5224.950243234634
87,0,106.94241226860197,5284.960629940033
88,0,106.94241221130166,5345.402401447296
89,0,106.94241216589472,5405.442960977554
90,0,106.9424121275403,5465.619667053223
91,0,106.94241208902241,5525.90970492363
92,0,106.94241204708912,5586.112878322601
93,0,106.94241200134061,5645.677118062973
94,0,106.94241195708577,5704.223093986511
95,0,106.94241191864457,5764.326675653458
96,0,106.94241188682544,5824.956399202347
97,0,106.94241186125178,5885.119279623032
98,0,106.94241184167181,5945.226423740387
99,0,106.94241182671323,6005.266978740692
100,0,106.94241181211171,6065.6433091163635
101,0,106.9424117954057,6125.512052774429
102,0,106.94241177674604,6185.157546281815
103,0,106.9424117579219,6245.3680768013
104,0,106.9424117414764,6305.5923047065735
105,0,106.94241172914474,6366.589669704437
106,0,106.94241172054528,6426.798282146454
107,0,106.9424117128193,6486.426108837128
108,0,106.94241170457809,6545.7891573905945
109,0,106.94241169539957,6605.743418216705
110,0,106.94241168595457,6666.664969205856
111,0,106.94241167731434,6726.5294489860535
112,0,106.94241166987337,6785.619021177292
113,0,106.9424116646365,6846.053092718124
114,0,106.94241166148643,6907.0360062122345
115,0,106.94241165850733,6968.25147652626
116,0,106.94241165455662,7027.720367193222
117,0,106.94241164988168,7088.404695034027
118,0,106.94241164502392,7147.717221498489
119,0,106.9424116407862,7207.5922129154205
120,0,106.94241163764897,7267.86100435257
121,0,106.94241163516045,7328.170508623123
122,0,106.94241163312127,7389.337608098984
123,0,106.94241163137514,7449.33829164505
124,0,106.94241162927399,7509.9450941085815
125,0,106.94241162719443,7569.089059829712
126,0,106.94241162510397,7629.682883262634
127,0,106.94241162316871,7689.670278072357
128,0,106.9424116214862,7748.773836135864
129,0,106.94241162009294,7809.316794633865
130,0,106.94241161895306,7868.764128446579
131,0,106.94241161804034,7928.83246254921
132,0,106.94241161725792,7988.318068981171
133,0,106.94241161651831,8048.151383399963
134,0,106.94241161580503,8108.461092948914
135,0,106.9424116151289,8169.143687725067
136,0,106.94241161440489,8228.100030183792
137,0,106.9424116136555,8288.756920576096
138,0,106.94241161303275,8349.2530605793
139,0,106.94241161265461,8410.400742769241
140,0,106.94241161251965,8470.437131643295
141,0,106.94241161243143,8529.960508823395
142,0,106.94241161222837,8589.756086349487
143,0,106.94241161187215,8650.132586479187
144,0,106.94241161146387,8710.5434820652
145,0,106.94241161112748,8770.708016633987
146,0,106.94241161095837,8830.48510479927
147,0,106.94241161090787,8889.78227519989
148,0,106.94241161078432,8950.787320137024
149,0,106.94241161056198,9011.792472362518
150,0,106.94241161034702,9072.008260726929
151,0,106.94241161007118,9132.604934930801
152,0,106.94241161004634,9192.563234090805
153,0,106.94241161019326,9252.718708753586
154,0,106.94241161045994,9312.49589729309
155,0,106.94241161067626,9372.321077108383
156,0,106.94241161079447,9431.766310691833
157,0,106.94241161084484,9490.677334308624
158,0,106.94241161074332,9550.588191509247
159,0,106.94241161067303,9610.461829423904
160,0,106.94241161067585,9670.99051785469
161,0,106.9424116106976,9730.384078502655
162,0,106.94241161068972,9789.934462547302
163,0,106.94241161057194,9849.1862180233
164,0,106.94241161024601,9907.680885076523
165,0,106.9424116099188,9968.362308263779
166,0,106.94241160972196,10029.646328926086
167,0,106.94241160967857,10090.543078660965
168,0,106.94241160978852,10151.958227872849
169,0,106.94241160993604,10212.282993078232
170,0,106.94241160985675,10272.385385751724
171,0,106.94241160966625,10331.282270908356
172,0,106.94241160940796,10391.349680185318
173,0,106.94241160922827,10454.384435892105
174,0,106.94241160920701,10514.84506893158
175,0,106.9424116092957,10574.673057556152
176,0,106.94241160940143,10634.904350757599
177,0,106.94241160944304,10693.97547197342
178,0,106.94241160939703,10754.374421596527
179,0,106.94241160932982,10813.199677705765
180,0,106.94241160932862,10872.82920217514
181,0,106.94241160943493,10932.199493408203
182,0,106.94241160966551,10992.827528238297
183,0,106.94241160996167,11052.983186244965
184,0,106.94241161019674,11113.664450645447
185,0,106.9424116102369,11173.79214835167
186,0,106.9424116100708,11234.177879333496
187,0,106.94241160984032,11294.881081342697
188,0,106.94241160969206,11355.347549438477
189,0,106.9424116097826,11415.711571216583
190,0,106.94241161011011,11475.828963279724
191,0,106.94241161042642,11536.240974903107
192,0,106.94241161059112,11597.438606977463
193,0,106.94241161062187,11656.959451675415
194,0,106.94241161047866,11717.180982112885
195,0,106.94241161048853,11777.36379647255
196,0,106.9424116106672,11837.77252459526
197,0,106.9424116109105,11897.893671274185
198,0,106.94241161110531,11957.617645025253
199,0,106.9424116112524,12017.480652093887
