i_epoch,i_batch,loss,time
0,0,112.73708781807812,96.37931108474731
1,0,112.73633609241931,189.39997458457947
2,0,112.73592524764835,286.63673973083496
3,0,112.73567068099639,377.693888425827
4,0,112.73555155672805,469.14177417755127
5,0,112.7354937726624,561.8905048370361
6,0,112.73541788434385,657.7022805213928
7,0,112.73534648412681,752.0578699111938
8,0,112.73528402641838,845.11661195755
9,0,112.73523087179395,943.763254404068
10,0,112.73518514079667,1031.138158082962
11,0,112.7351445333762,1119.7160835266113
12,0,112.73510541513535,1214.3959505558014
13,0,112.73506564250317,1309.0031599998474
14,0,112.73502696504903,1401.753113269806
15,0,112.73499477836883,1494.9707763195038
16,0,112.73497252603693,1586.8591723442078
17,0,112.73495844164565,1682.5547924041748
18,0,112.73494822960765,1778.192466020584
19,0,112.73493835077049,1865.6832196712494
20,0,112.73492806460033,1961.6412205696106
21,0,112.73491742449512,2052.38267326355
22,0,112.73490653916892,2149.9018874168396
23,0,112.73489611038268,2246.7749242782593
24,0,112.73488664277436,2342.30219578743
25,0,112.73487831844834,2435.5912625789642
26,0,112.734871326636,2532.2857580184937
27,0,112.73486527956213,2629.0096094608307
28,0,112.73485969216564,2725.2957303524017
29,0,112.7348544935045,2826.2236635684967
30,0,112.73484957435372,2923.9340374469757
31,0,112.73484523814476,3016.479126930237
32,0,112.73484180802129,3114.3114914894104
33,0,112.73483912733312,3210.924215555191
34,0,112.73483686689187,3308.6770873069763
35,0,112.73483482168467,3407.415628671646
36,0,112.73483281820951,3504.6301844120026
37,0,112.73483081263532,3591.2779319286346
38,0,112.73482886808651,3685.671164035797
39,0,112.73482705545877,3780.293350458145
40,0,112.73482547902148,3883.1557025909424
41,0,112.73482420856573,3980.504538536072
42,0,112.73482324191339,4076.392664194107
43,0,112.73482252803738,4172.775255918503
44,0,112.73482194577765,4272.275127649307
45,0,112.73482139073478,4368.273622274399
46,0,112.73482079043781,4464.15061545372
47,0,112.73482009183793,4559.368757009506
48,0,112.7348193397651,4652.966026067734
49,0,112.7348186495931,4748.623380899429
50,0,112.73481811017353,4840.7745707035065
51,0,112.73481775138784,4935.310655832291
52,0,112.73481754261059,5034.109949588776
53,0,112.73481740479797,5133.04878115654
54,0,112.7348172593558,5227.679456472397
55,0,112.73481705022212,5316.457045555115
56,0,112.73481675486718,5408.005343437195
57,0,112.73481640226554,5496.226226091385
58,0,112.73481606218833,5594.568439245224
59,0,112.7348157912167,5682.804517745972
60,0,112.73481560993613,5778.217669010162
61,0,112.73481550261951,5876.251853466034
62,0,112.73481543409976,5975.286807060242
63,0,112.73481536412346,6069.965134382248
64,0,112.73481527515226,6169.855361700058
65,0,112.73481517807132,6270.950461387634
66,0,112.73481508258318,6362.972594738007
67,0,112.73481499292164,6458.052537202835
68,0,112.73481491514475,6556.496977806091
69,0,112.73481485258633,6652.098271608353
70,0,112.73481480486606,6748.38516664505
71,0,112.73481476829389,6844.610282659531
72,0,112.73481473587783,6937.12784075737
73,0,112.7348147016579,7032.706248760223
74,0,112.73481466379972,7130.6730926036835
75,0,112.7348146239671,7225.0615520477295
76,0,112.73481458508066,7318.901716470718
77,0,112.73481454849345,7416.943130016327
78,0,112.73481451529243,7508.706231355667
79,0,112.73481448748183,7604.775813579559
80,0,112.73481446503138,7693.05388212204
81,0,112.73481444693256,7784.164972782135
82,0,112.73481443238035,7874.744936466217
83,0,112.73481442012549,7968.516185283661
84,0,112.73481440806103,8059.944551706314
85,0,112.73481439504786,8153.125839710236
86,0,112.73481438183529,8245.895285129547
87,0,112.73481436939551,8336.91820883751
88,0,112.7348143583634,8426.470224618912
89,0,112.73481434917434,8512.324524879456
90,0,112.7348143417444,8604.565389633179
91,0,112.7348143354493,8697.046090841293
92,0,112.73481432948148,8791.52018070221
93,0,112.73481432352132,8886.362155914307
94,0,112.7348143177851,8980.465580701828
95,0,112.73481431250534,9075.07348537445
96,0,112.73481430789735,9166.011625051498
97,0,112.73481430391035,9257.259043216705
98,0,112.73481430058175,9349.872841119766
99,0,112.73481429788939,9443.071602106094
100,0,112.7348142956636,9536.45631313324
101,0,112.73481429377391,9631.5309278965
102,0,112.73481429204402,9726.80507516861
103,0,112.73481429034946,9820.332085609436
104,0,112.73481428866015,9918.367968559265
105,0,112.73481428691221,10012.806656122208
106,0,112.73481428513517,10107.297459840775
107,0,112.73481428342397,10199.883999347687
108,0,112.73481428189127,10301.36263012886
109,0,112.73481428064878,10398.380553483963
110,0,112.73481427969159,10497.814948320389
111,0,112.73481427888902,10596.184415340424
112,0,112.73481427815685,10688.194782733917
113,0,112.73481427750235,10778.292287826538
114,0,112.73481427693963,10869.854226350784
115,0,112.73481427644207,10961.883569717407
116,0,112.73481427600704,11054.883086442947
117,0,112.73481427564384,11152.158661365509
118,0,112.73481427533076,11246.015581130981
119,0,112.73481427502308,11343.013907909393
120,0,112.73481427470917,11437.304282903671
121,0,112.73481427440291,11533.071964740753
122,0,112.73481427412993,11627.948292016983
123,0,112.73481427390819,11724.135930538177
124,0,112.73481427373471,11819.709022521973
125,0,112.7348142735976,11916.33492565155
126,0,112.73481427347569,12010.500321626663
127,0,112.73481427334785,12104.244903564453
128,0,112.73481427320837,12198.39703631401
129,0,112.73481427306325,12292.13590335846
130,0,112.7348142729338,12379.105234622955
131,0,112.73481427283241,12473.618320941925
132,0,112.7348142727612,12572.263798713684
133,0,112.73481427271295,12663.96540260315
134,0,112.73481427267495,12757.116170406342
135,0,112.73481427263344,12851.078215360641
136,0,112.73481427258352,12945.96831202507
137,0,112.7348142725255,13037.668659448624
138,0,112.7348142724647,13132.45644903183
139,0,112.73481427240546,13225.373933553696
140,0,112.73481427235647,13325.184753894806
141,0,112.73481427232129,13424.914510011673
142,0,112.73481427229859,13517.846161842346
143,0,112.73481427228394,13612.814636945724
144,0,112.73481427227036,13710.448647022247
145,0,112.73481427225396,13804.799136400223
146,0,112.7348142722362,13904.926723241806
147,0,112.73481427221772,14002.682882785797
148,0,112.7348142722006,14100.796148061752
149,0,112.7348142721812,14195.476089000702
150,0,112.73481427216811,14288.640110254288
151,0,112.73481427216608,14386.06074666977
152,0,112.73481427215485,14480.635063409805
153,0,112.73481427214838,14570.033005475998
154,0,112.73481427214281,14664.820964574814
155,0,112.73481427213284,14758.022284507751
156,0,112.73481427212275,14849.52414059639
157,0,112.73481427211858,14942.27921295166
158,0,112.73481427211001,15034.073168992996
159,0,112.73481427210676,15131.041289806366
160,0,112.73481427211402,15225.950808048248
161,0,112.73481427210633,15323.14106464386
162,0,112.73481427210788,15417.251426696777
163,0,112.73481427210906,15509.561338186264
164,0,112.7348142721087,15600.432453393936
165,0,112.73481427210557,15693.293900251389
166,0,112.73481427209656,15789.276855230331
167,0,112.73481427208483,15884.26589345932
168,0,112.73481427207571,15977.374167919159
169,0,112.73481427207305,16069.461209535599
170,0,112.73481427207682,16157.906448364258
171,0,112.73481427208367,16253.151375770569
172,0,112.73481427208924,16344.59414935112
173,0,112.73481427209113,16434.59688782692
174,0,112.73481427208836,16529.128991365433
175,0,112.73481427208354,16626.882041454315
176,0,112.73481427207724,16720.08330845833
177,0,112.73481427207157,16813.461965322495
178,0,112.73481427206816,16907.763783693314
179,0,112.73481427206778,17001.67192053795
180,0,112.73481427207038,17094.35860133171
181,0,112.73481427207474,17189.3486430645
182,0,112.73481427207952,17279.392750024796
183,0,112.73481427208307,17377.385667324066
184,0,112.73481427208614,17467.763387203217
185,0,112.73481427208618,17565.091876268387
186,0,112.73481427208279,17658.668471574783
187,0,112.73481427207577,17753.76467680931
188,0,112.73481427206649,17847.903850078583
189,0,112.73481427205962,17944.86532354355
190,0,112.73481427205772,18039.837393283844
191,0,112.7348142720599,18136.50907611847
192,0,112.73481427206296,18230.33874797821
193,0,112.73481427206504,18320.678006887436
194,0,112.73481427206329,18412.510335206985
195,0,112.7348142720589,18508.700174570084
196,0,112.73481427205485,18603.815029382706
197,0,112.73481427205337,18699.385053396225
198,0,112.73481427205503,18793.188869714737
199,0,112.73481427205706,18885.245902061462
